px(1)   py(1)   pz(1)   E(1)  px(2)   py(2)   pz(2)   E(2)
14.9348     -7.171     10.1036     19.5946     75.056     -58.6289     -147.997     176.111
64.9906     13.6363     -243.692     252.633     27.8388     -61.192     -149.137     163.682
-7.56699     -13.693     99.2203     100.505     -69.5784     -45.2006     52.5669     98.4921
21.9765     37.1684     262.984     266.534     23.5172     64.5169     75.0283     101.876
25.4544     -7.82037     -0.371622     26.8676     -29.1197     -109.259     119.677     164.775
41.5567     -8.88325     73.364     85.0585     -21.2051     -96.4029     89.3044     133.256
10.4135     30.6917     183.378     186.276     -49.4771     61.5541     105.935     132.29
11.4863     27.1662     -111.855     115.782     -109.591     23.5113     -279.907     301.581
56.9541     12.8502     -102.058     117.674     -9.04701     86.4381     -115.743     144.809
-14.1981     -10.9275     -10.3597     20.6964     -16.6034     109.021     -40.69     117.751
10.3442     11.2229     29.4813     33.4615     -130.585     -23.2047     341.408     366.359
37.3439     -60.7517     -1216.95     1219.06     69.7013     25.6749     -838.099     841.41
-17.6024     30.1199     24.1705     42.6172     82.2162     41.7041     175.227     198.098
-8.90007     -6.02822     19.2424     22.126     108.997     38.3782     28.9112     119.384
22.2043     -32.0285     66.95     77.6345     92.4831     31.7273     431.28     442.279
10.6648     16.8897     558.86     559.225     -31.2825     89.3455     479.611     488.943
-20.1556     19.5534     -162.941     165.402     -62.1222     -79.0426     -267.148     285.496
7.94182     25.4618     -5.97396     27.809     96.8828     -15.5256     99.1394     139.614
-40.6518     -1.34561     -328.768     331.334     -27.1527     91.7164     -290.066     305.511
-4.07188     -23.6957     15.8351     28.9819     -20.3628     -79.9686     451.12     458.651
10.184     48.2323     49.8251     70.3622     61.8845     7.67008     -4.8774     62.9246
-27.8072     18.4421     -24.842     41.8487     67.5638     72.75     -5.65422     99.8574
2.50327     -39.8257     -1166.43     1167.12     34.1681     -55.2135     -362.231     368.043
-6.64684     11.8556     160.632     161.222     91.9248     43.4415     324.911     340.518
-34.574     -3.30433     130.547     135.191     10.3053     -100.333     166.849     195.049
-0.244924     -27.8724     47.913     55.541     -17.3934     -46.0505     -7.48687     49.9346
22.0912     39.723     195.49     200.773     75.84     -48.7327     483.888     492.28
7.90978     51.4661     88.1485     102.544     -76.7596     41.8244     39.56     96.2253
11.2421     5.49203     -15.8683     20.5037     -113.653     22.2911     -56.4777     129.124
-61.9024     -22.1858     -233.464     242.629     -30.0517     68.9349     -283.757     293.601
-27.2868     46.0917     587.523     589.997     -56.135     -28.3364     384.315     389.459
-34.7564     -19.796     -61.2117     73.259     -44.7808     91.2803     -225.31     247.261
5.46645     -27.6546     263.681     265.232     -43.4724     -78.2927     172.493     194.444
4.5465     -12.8304     -27.5659     30.8081     42.5151     122.542     -364.842     387.286
1.74619     -11.5977     6.0102     13.2533     -63.2309     51.1436     -45.9206     93.5046
32.1288     14.0324     -68.5298     77.0611     -3.7758     72.4663     -474.082     479.674
3.84406     -9.65978     -4.50523     11.8693     -9.75528     115.176     131.281     175.091
-19.6956     -33.2361     3.23135     38.8924     -47.4544     -46.746     -135.199     150.831
-25.5912     8.64352     -28.2859     39.2611     -74.8534     -48.8599     -458.688     467.372
-49.5857     -1.29334     12.1615     51.3557     -27.6181     57.1527     109.231     126.755
-6.97655     16.6769     -35.1683     39.6359     -95.0394     -43.9934     -32.0723     109.618
6.43072     26.5694     45.1615     52.8946     67.3975     37.6323     -30.0564     83.827
33.922     2.61728     51.0525     61.5484     -1.74983     -96.3677     48.1803     107.897
19.0948     3.79374     -20.424     28.5019     79.6313     -31.4021     96.9472     129.444
17.4426     -39.2466     76.1258     87.5673     -84.9836     -39.1685     77.4612     121.733
13.6134     1.8334     -5.56929     14.9495     -73.0844     80.341     26.5433     112.05
-23.4709     -20.7351     -148.557     151.902     22.2982     -90.3347     -111.656     145.463
48.1983     -10.7     110.844     121.442     -3.17933     -82.1769     65.0386     105.167
7.12347     -28.9549     -12.5456     32.4752     -61.2     -55.6478     98.0479     128.413
-23.1304     12.4461     -48.2294     55.0654     -74.5708     -33.8903     -628.818     634.178
27.5725     -14.7623     -121.25     125.261     -45.0281     -89.0243     -223.584     244.884
-28.0169     -16.8671     63.7905     71.7826     -73.5231     -3.52096     -16.9519     75.7217
13.8563     -10.9047     89.2164     90.9673     -19.6359     122.555     486.914     502.534
-6.29574     -12.625     494.984     495.201     4.51029     -80.5287     345.311     354.647
-40.3849     25.4611     111.471     121.435     54.2547     74.8078     200.658     220.975
18.3049     -32.6061     -26.7855     46.3229     81.6099     69.7717     -73.4334     130.215
-1.47428     42.6973     153.112     159.053     -60.067     28.6694     55.3863     86.7061
-22.1363     -19.3962     62.2868     69.0271     89.7861     -53.5056     165.612     196.172
-39.6469     21.3416     -69.2648     82.8784     17.4427     85.8318     -370.98     381.22
7.7747     -10.2116     18.7244     22.8114     86.0957     45.7322     -38.6212     104.991
29.1085     0.389017     85.7752     90.6971     -10.1214     -97.5366     697.353     704.234
41.2021     -8.681     102.392     110.987     37.913     -58.7318     15.0972     71.712
15.3215     13.429     42.8223     47.5986     -93.0275     52.9401     664.448     673.047
-43.7309     -38.933     -120.943     134.556     -64.416     21.7445     -26.1536     72.9629
-10.5989     14.7139     -8.15927     20.0451     -24.4252     -106.24     -76.8172     133.446
-30.0734     49.6619     37.52     69.4605     53.7055     50.3837     -9.93641     74.464
1.05092     -14.9757     -15.0644     21.3813     -40.9494     -39.9999     37.4783     68.5325
12.3995     0.630364     -445.198     445.375     34.1086     -87.2424     -604.227     611.479
1.05254     -33.5029     -124.851     129.364     113.185     7.30336     -221.703     249.1
-44.1952     1.79266     12.5035     46.2678     -37.4745     42.2987     136.173     147.497
22.7426     -26.3684     8.47305     35.8462     68.9092     -1.74814     -103.704     124.692
29.7602     27.1628     0.0199896     40.8567     -67.2397     63.8746     -13.6621     94.04
11.1204     6.78652     7.13347     14.9065     12.6834     73.4501     307.602     316.566
26.5172     -49.658     165.92     175.276     -48.3595     -32.2848     94.6574     111.21
32.6405     24.413     91.1448     99.9577     -47.4156     76.9476     134.911     162.505
40.6702     -17.4483     3.75142     44.8646     -43.855     -88.2456     21.4978     101.035
30.6273     21.0981     -20.1002     42.7483     51.7737     -95.5459     -83.3092     137.051
-7.16787     -13.3867     24.4627     29.0469     -59.6518     96.0352     654.854     664.552
52.7758     2.11135     -29.772     60.8678     5.62948     70.2179     -73.0217     101.564
-2.78073     43.3922     41.7761     60.4286     -46.2092     39.2893     297.114     303.321
30.4284     -17.0101     16.0599     38.7204     -33.4805     -41.6021     33.3407     63.0312
12.7811     62.4591     74.5928     98.3677     -75.0722     25.8663     114.69     139.587
12.9029     -10.4374     -10.735     20.2048     6.97411     105.663     -58.1419     120.963
13.6766     -1.96018     26.9139     30.3031     -79.1284     84.826     189.793     222.839
29.9792     28.6324     -158.789     164.138     65.3273     -69.2853     -194.492     216.655
19.0733     0.819646     2.68394     20.2716     -17.7741     -105.434     -132.306     170.383
-22.5449     -26.2406     -84.9345     91.8664     81.1625     -55.3494     -147.289     177.21
38.5676     38.8857     75.3319     93.2904     52.5221     -31.1634     194.469     203.866
-8.91348     -7.38881     -177.17     177.566     -65.4119     -52.2955     -176.105     195.15
8.78426     17.6725     6.68373     20.9351     8.14931     67.5198     -114.477     133.25
26.2576     -25.7701     -306.01     308.246     61.2089     82.9354     -1144.07     1148.73
21.1083     6.96313     -11.711     25.3619     -94.1301     73.4614     -21.8797     121.684
63.1673     17.8505     -346.622     352.82     35.1096     -71.5981     -293.078     303.803
1.92301     22.5666     45.4492     50.8276     107.966     -37.7281     401.198     417.25
5.46784     23.6799     -38.8365     46.0095     47.2664     70.6624     -798.103     802.641
-6.60216     43.6853     50.5447     67.5565     -50.9906     -5.13176     89.4138     103.23
-11.7922     20.2215     19.4575     30.8247     -97.2911     -62.323     -20.6452     117.525
-31.8398     -17.0414     46.0081     58.7208     -36.3455     -76.0307     -34.7928     91.4195
22.2789     7.81519     40.1897     46.8423     -77.1713     89.0882     158.549     197.652
32.6916     -5.21315     43.062     54.4215     3.16872     -43.9544     6.28923     44.6754
23.3723     18.3349     6.11152     30.7896     -50.3341     50.3966     77.3205     105.18
15.867     -4.528     -28.6913     33.2013     -20.7811     -94.4648     2.23421     96.958
-23.0862     -2.24697     297.81     298.729     -43.4663     87.658     332.465     346.618
29.7592     3.26858     78.2049     83.9217     37.1366     -77.1586     891.677     895.808
21.8963     -57.5313     -89.3506     108.637     68.642     23.4204     -148.105     164.995
-51.6465     9.52311     -121.173     132.389     12.1635     94.5905     -179.257     203.118
18.1423     14.1239     -94.4467     97.258     39.3997     67.5431     -19.5216     80.8131
-43.8452     9.24521     1104.17     1105.09     3.40421     76.1417     953.165     956.223
32.6329     4.17394     -4.95544     33.4381     35.2211     67.9002     110.15     134.211
46.3536     45.5226     46.1795     79.9227     68.0401     -41.344     125.36     148.67
-9.83258     6.7739     -16.6395     20.6951     106.492     -36.66     -7.45972     113.152
-24.0504     32.3816     -213.68     217.544     71.0502     65.2777     -228.705     248.4
-12.8536     0.269847     34.1279     36.5186     57.0596     -94.442     21.212     112.568
51.0772     -21.0372     57.6937     80.0207     25.9148     -50.2194     286.992     292.583
-53.2843     -5.55326     -377.049     380.872     -17.3252     -70.4259     -191.92     205.296
-42.5102     2.21834     474.787     476.762     6.00385     63.722     555.267     558.965
-34.1879     -6.69618     -137.876     142.277     -61.3505     48.1421     -52.5086     94.2018
60.0219     7.39676     120.527     135.042     39.8264     -49.6338     20.6215     67.1901
7.5217     -22.8446     -75.3745     79.2716     -98.9027     -2.33932     -120.237     156.04
-44.99     8.80352     -63.3078     78.2464     -23.5258     -70.1051     -205.845     218.799
1.5518     19.7819     -291.386     292.075     -112.089     -18.6512     -1690.26     1694.1
1.78832     -40.6145     -195.024     199.322     -104.122     4.74928     -368.406     382.917
-27.2547     51.2369     -281.05     287.055     51.1839     46.7666     -137.055     153.695
32.2951     18.967     -489.525     490.977     20.2666     80.1393     -272.821     285.167
-35.4233     -32.1906     -72.4294     86.9842     -70.1071     46.3032     -319.661     330.575
52.6271     14.6998     304.664     309.571     33.2171     -82.9253     478.57     486.865
8.37397     -23.8879     -0.627395     25.6878     -75.1577     -54.3102     158.315     183.696
-12.3175     -2.85341     -18.3363     22.374     97.0003     -74.9182     -291.715     316.464
7.35165     -9.33025     -11.1153     16.3586     -99.2175     70.5644     -66.0579     138.832
9.53675     21.483     8.05039     25.7625     63.5986     -94.5945     -19.9536     116.075
-5.618     -12.4298     53.0884     54.8547     94.9144     -24.1058     70.5387     120.899
16.3743     -2.48429     23.4939     28.9872     46.7425     -69.7059     737.426     742.206
-35.9011     31.8076     630.72     632.559     -38.4777     -37.9492     953.881     955.419
-27.9565     -13.0501     52.3857     60.8612     -23.6927     -60.8041     484.106     488.508
-9.934     -19.5461     -58.1786     62.3516     -76.1609     50.9061     -203.615     223.387
-53.4332     3.02786     -31.7526     62.6062     -3.79444     87.9026     -25.3161     91.7579
13.4597     -50.0399     270.395     275.369     -87.7871     -33.272     569.159     576.875
-39.6548     -10.5437     26.4909     49.0427     -34.335     73.3253     61.5923     101.966
28.6997     -41.175     128.289     137.858     77.736     51.19     229.43     247.713
-0.941304     -15.933     21.6419     27.0235     74.009     94.945     213.502     245.198
30.3911     -14.4397     -243.261     245.626     63.0373     35.7301     -110.78     132.406
25.1313     -33.465     -7.47709     42.917     -35.0303     -74.2252     87.9211     120.354
-32.6925     4.3983     -1024.16     1024.7     17.7526     96.0883     -1235.16     1239.04
9.87808     -37.9097     28.2195     48.6615     -80.2922     -29.5448     -15.5197     87.1653
-23.1552     11.1833     10.6304     27.9224     -42.3761     -103.728     -25.0624     114.989
-17.8454     3.37189     17.6779     25.5684     59.4666     -93.4556     68.5633     130.461
-16.6811     0.239376     40.9288     44.3119     121.219     12.7508     321.397     343.837
-4.12287     -32.734     348.595     350.189     46.1393     -13.7341     198.453     204.238
10.7756     62.2221     72.0056     95.9446     71.393     20.6917     237.865     249.29
9.81921     -33.7426     101.456     107.49     -109.093     -11.0198     291.159     311.205
29.1679     54.8771     -53.5439     82.2211     63.1632     3.0979     15.9689     65.4951
-27.102     27.3882     -157.687     162.437     -72.8334     -79.867     -400.864     415.305
-20.6383     -28.5825     44.75     57.0776     79.7529     -65.2393     255.038     275.138
0.65004     12.631     32.1467     34.6013     -39.0345     16.1302     -0.99973     42.5029
3.17785     -17.9335     -381.69     382.131     -7.97864     -90.2278     -345.88     357.683
28.5776     -2.06907     -94.6066     98.9728     -33.4244     -100.891     -188.65     216.64
-5.905     8.65142     1.0283     10.5997     -50.5752     -101.858     -247.233     272.226
-3.49303     -10.6794     6.14778     12.9052     114.022     22.4798     10.5709     116.851
-0.731104     -20.6668     -322.731     323.41     -52.5581     -73.9219     -207.561     226.589
-2.48988     -23.3439     49.7343     55.0757     -85.6703     17.8136     586.903     593.414
12.282     -3.57377     -44.6178     46.6125     -66.9054     103.899     -157.118     200.241
13.2579     -60.0517     -56.6735     83.7842     82.8004     -3.1709     -19.446     85.2787
45.6255     -30.2284     -204.065     211.341     50.3969     61.3587     -477.034     483.635
-14.5906     -41.0394     32.6208     54.5902     2.90556     -72.5704     -64.1833     97.0661
25.7293     -18.9644     25.6649     41.1213     59.3619     64.561     227.851     244.191
19.4296     30.3898     -25.4595     44.2868     -42.0966     68.0223     -208.274     223.181
15.7249     -7.78788     -20.9279     27.4032     -78.9571     -86.3073     -258.341     283.64
45.8233     -19.3876     -147.069     155.397     -30.8173     -85.477     -284.693     298.898
3.20891     -41.2812     -21.4919     46.8613     20.0059     -57.8849     -246.509     254.089
6.91272     -23.3316     -3.78528     24.894     90.4694     26.5009     -147.864     175.496
15.5469     -44.1609     -567.61     569.578     94.0329     17.2501     -602.867     610.459
-12.0389     -5.25627     217.536     217.939     -77.985     71.2657     280.029     299.366
31.7291     -8.88209     -154.943     158.473     -35.9287     -88.1584     -204.386     225.559
-24.7746     41.2778     -0.519902     48.9717     80.6585     41.0787     -6.05433     90.8723
8.02765     8.22362     -35.119     37.0555     -78.4904     -70.5364     -238.481     260.921
16.3852     -8.92735     -2.74935     18.9457     16.0691     104.798     -137.403     173.685
-2.36425     -15.6356     30.048     33.9917     -38.1816     91.2634     135.01     167.437
36.702     23.9367     40.7653     59.9272     -5.96779     56.3021     -26.216     62.5538
15.3037     22.2611     14.7827     30.9554     -116.266     37.04     90.935     152.377
17.7764     -54.3707     448.94     452.601     -39.8709     -43.714     128.166     141.275
-17.7437     -6.67839     98.7165     100.546     37.1688     -87.2939     157.428     183.946
-21.5631     -43.9639     -270.549     274.998     -77.3286     -4.85207     -133.861     154.893
-18.1707     29.5241     -1.11359     35.1931     65.7586     71.099     -122.602     156.338
-9.16129     -37.6944     -184.742     188.83     -66.3538     -37.1952     -78.2313     109.528
58.7046     4.70058     42.5275     72.7329     -2.93016     69.9     85.4833     110.589
-5.13846     -37.7422     -5.45305     38.8367     -94.6315     6.97185     52.997     108.878
-6.16321     -18.9185     1.94509     20.0913     0.174571     -84.7903     276.97     289.751
-59.4637     -26.0044     229.467     238.566     24.2065     -69.7689     175.594     190.57
-29.5336     -10.5229     -11.3689     33.7165     -76.5039     35.3131     -252.561     266.331
-21.0605     16.3597     68.4051     73.495     -36.1833     -103.391     154.355     189.378
-50.5823     8.11539     -721.767     723.607     -17.5993     -80.1347     -2005.27     2006.96
2.24266     -23.1742     -18.9006     30.4123     -101.063     30.6322     -178.287     207.326
-12.7557     38.5329     -22.3752     46.4908     -41.5988     48.7686     -258.079     265.96
15.9464     -24.2558     -27.7764     40.5061     50.7303     -52.9741     -476.838     482.496
-31.4658     32.6028     8.20858     46.4549     -60.7361     -69.3331     -5.46855     92.7808
53.9786     30.1469     -362.719     367.996     -26.9588     65.6855     -482.961     488.19
26.3864     -10.5923     -45.6221     53.7917     54.8699     47.2063     1.92387     72.5844
19.8611     -35.5981     -3.47776     41.2948     -69.7863     -25.3118     -18.1032     76.5896
28.8617     15.7745     191.272     194.123     -65.2148     66.0924     567.124     574.724
-46.7374     -5.54553     -21.0988     52.1001     -36.5257     82.2054     -153.367     177.945
25.6253     28.3074     165.069     169.487     17.5326     76.8617     54.2631     95.868
34.874     -24.9915     300.754     303.847     -19.9551     -76.0625     173.49     190.578
-4.52774     29.8334     1160.15     1160.56     -92.717     19.91     1029.75     1034.13
-44.2381     9.0651     50.9924     68.2703     -21.9641     63.3788     -20.7747     70.6746
4.53686     -20.2294     1.28148     20.9625     -103.004     50.7051     -13.4913     115.804
-11.7054     -21.3587     -27.3183     36.7729     -83.9262     60.2529     -28.1691     107.278
6.27919     18.3144     84.2897     86.6766     -104.17     -11.6801     223.11     246.567
46.6305     -5.24569     11.7061     48.5034     -4.93781     -88.9915     -4.09949     89.4326
46.0201     -13.5077     -6.63113     48.6166     42.6128     -25.6641     -149.793     157.905
-19.8536     27.5522     -26.3182     43.1404     -68.9645     -78.7689     -143.436     177.707
-22.0474     41.9079     236.633     241.392     -62.7427     -29.6963     282.256     290.73
17.0108     -3.99444     -19.9462     26.6079     -23.8811     121.037     -267.398     294.601
-19.9246     39.6941     864.399     865.553     -87.7609     -16.2064     696.287     702.011
-1.44476     66.3654     30.5319     73.2598     70.0525     22.9039     -18.0803     76.1129
20.8339     0.7717     -89.2595     91.7168     -64.6833     103.378     -899.226     907.495
-23.5516     37.855     -10.239     46.1551     -89.8729     -48.5555     -63.5821     120.529
-10.2295     -10.8797     -83.1746     84.5664     120.269     23.3989     -351.484     372.385
-24.8892     -42.943     -502.735     505.228     -80.1182     32.3661     -440.35     448.786
-2.20077     9.88395     -127.392     127.798     -94.5069     41.88     -185.737     212.651
-8.51927     10.1851     30.6326     33.4152     95.8882     53.19     1245.59     1250.42
-24.8262     -43.4465     78.4037     93.146     -74.7934     43.0926     98.7211     131.232
-19.0871     -34.6248     -115.158     121.822     72.9169     -57.186     -656.261     662.802
-25.8334     -28.9578     57.2255     69.2635     79.3165     -68.8515     99.7636     145.047
-23.5847     -7.35187     -9.06547     26.7002     10.4665     116.031     -118.941     166.597
45.552     29.0011     58.7401     79.9641     -40.2925     70.6932     160.429     180.071
-16.4323     8.95937     -53.6628     56.8847     14.0999     -111.155     -119.49     163.917
-24.154     0.508486     33.8676     41.655     -7.16764     -47.2992     30.2775     56.6676
10.1503     2.7104     -70.6892     71.4931     -36.1917     106.824     -2855.25     2857.49
-17.7783     -9.3249     -86.0062     88.4213     105.866     -47.4857     -317.421     338.054
-30.1707     14.6927     19.9574     39.3477     61.6525     83.6472     74.248     127.843
27.5384     -14.6927     65.5709     72.7623     30.4704     117.114     248.252     276.23
15.0431     30.2525     44.7441     56.1846     -71.028     52.1091     10.6438     88.9639
-36.2112     16.0228     57.4422     70.0146     -16.6312     -63.0147     130.159     145.67
34.5218     -12.9243     -45.7638     58.913     -9.71649     -47.4436     -7.15507     49.567
-11.4612     -43.0267     -368.552     371.245     -59.1557     -15.5558     -139.953     152.925
-20.5937     59.2345     133.905     147.974     -80.4144     -16.6783     216.323     231.439
-47.77     -14.7919     -63.3557     80.937     -24.3825     67.9997     -105.408     128.013
28.9903     14.9279     -8.86996     34.1047     47.5512     -87.7994     33.2633     105.456
-44.6925     -21.1536     233.448     238.686     -7.72813     -71.9668     88.1524     114.201
-47.1207     -4.07472     -83.9143     96.7646     -20.5012     -66.6479     -12.3221     71.036
-13.3013     -30.4639     6.94721     34.3654     -84.2264     65.8872     -20.0365     108.963
29.4072     16.8333     343.781     345.471     72.9261     -50.4016     253.851     268.965
-13.2437     1.93136     2.38054     13.7455     72.5399     49.2787     51.4418     101.803
-14.3964     -2.62027     34.5435     37.6431     106.918     -64.7741     491.96     507.702
-39.9968     13.2126     -58.7517     72.4314     -32.7668     -77.1963     -276.651     289.149
8.64641     33.4917     -5.28091     35.4935     -71.9959     50.6031     -143.56     168.499
1.06195     -18.8576     -42.1558     46.2992     -99.7359     61.153     -178.09     213.323
21.9475     -3.51433     -195.32     196.608     57.6262     67.1259     -191.928     211.452
-45.8656     -18.6036     206.954     212.886     -31.6169     -55.4806     48.4873     80.4125
1.96493     10.6446     -22.4344     24.9312     -10.1279     91.0663     52.9842     105.976
-6.16606     37.5422     230.946     234.093     -91.7814     4.11022     226.65     244.654
-39.6456     -24.3147     -42.1581     63.0064     17.5614     -83.6986     -249.704     264.036
48.4833     -6.31292     221.971     227.357     60.9248     27.2563     1294.52     1296.25
13.001     -4.12329     -30.5732     33.503     -128.257     -10.9761     -275.904     304.817
-44.3856     35.0986     54.9593     79.0613     -57.0852     -59.1907     140.064     162.59
-14.4742     -10.623     -94.6527     96.3715     113.975     -15.1308     -693.205     702.696
7.98794     45.0572     42.9546     63.0556     83.7143     6.49418     -8.54288     84.6452
11.3944     9.14188     -15.6964     21.6392     -46.1075     95.0966     70.1621     127.061
-26.2658     -31.3763     26.5803     48.9668     -80.3759     37.0255     -31.4336     94.1969
11.2543     8.88091     11.8282     18.8333     52.0904     -91.7178     401.147     414.832
57.8762     -0.605592     -37.7639     69.4175     10.0301     -78.4019     -47.8524     92.6634
-31.9802     21.2586     -2.1095     38.7629     -38.9331     -91.0049     -29.8385     103.631
-16.851     13.6397     70.5729     73.9371     36.5612     52.4162     55.7823     85.006
10.4498     44.9533     11.6079     48.2908     -88.7094     22.1966     16.6856     93.0898
-18.4346     36.3115     136.931     142.963     -74.9455     -37.1067     440.195     448.123
3.62653     18.7196     -17.4754     25.9823     -98.3696     8.44361     -323.082     337.88
-23.5147     -23.3709     259.434     261.577     -70.3999     86.2572     580.848     591.496
-21.8921     -3.41896     -65.1012     68.8056     -14.7695     96.2412     -110.043     147.116
38.8361     -25.4712     66.0473     80.9445     72.4704     12.9025     -15.9456     75.8093
-3.41919     -11.4056     -4.83978     13.2566     97.1352     -39.7703     161.281     192.558
-8.07399     8.75512     -237.423     237.726     114.828     -49.2298     -2598.44     2601.46
-51.8088     18.7204     13.2241     56.7084     -8.12207     55.6151     94.5271     110.218
-10.6129     3.10183     20.4629     23.3483     60.1913     -110.244     17.3603     127.093
0.0708829     21.5457     -16.0827     27.1741     -70.9843     67.09     110.758     147.883
-26.4263     -24.8644     162.452     166.49     -69.7688     40.1582     117.953     142.942
-22.6287     47.2967     14.2283     54.7629     52.4023     63.8918     126.577     151.292
8.90749     52.6484     131.847     142.361     80.1585     4.22857     431.676     439.129
-28.1777     -16.7522     79.3016     85.9532     44.0408     -80.6562     494.647     503.155
-25.7656     -18.3574     216.085     218.437     -60.5248     82.7624     300.448     317.506
0.830607     14.3373     -5.46934     15.4604     -115.149     -3.31687     71.1588     135.58
-40.7121     -10.1088     -116.036     123.53     -4.48958     -85.0682     -672.639     678.063
-47.9699     8.09456     44.3225     66.0267     -23.777     -75.7997     3.46319     80.5124
-55.0299     34.7025     440.549     445.364     -2.42887     65.6077     141.719     156.338
44.5278     23.7762     125.822     135.675     47.9311     -80.3772     290.14     304.94
-35.1641     -10.9476     6.01349     37.6388     -32.797     104.802     87.2005     140.605
8.28734     15.6696     26.6379     32.068     37.8723     -112.491     84.4494     145.896
5.47751     -9.86112     -2.87845     11.6478     100.869     42.9834     -221.935     247.616
26.3838     9.73476     87.1888     91.7074     10.1952     86.2412     38.9746     95.5529
-37.1884     9.57958     -711.681     712.734     -19.8748     71.0205     -363.937     371.406
3.9777     10.3583     -9.83702     15.0268     -101.608     -49.9287     46.3646     123.076
42.792     -15.6946     1737.16     1737.77     50.9405     53.5568     858.381     861.582
-4.43386     9.01535     15.9826     18.9222     70.32     50.1538     -24.3558     90.1212
-8.63729     -8.17071     -6.88652     14.456     67.5022     103.257     -15.9405     124.608
-6.14843     -47.1035     10.1546     48.9189     -70.4913     -39.1436     -94.7616     124.659
-27.7079     2.01247     -6.55043     28.7674     24.8708     -103.982     -92.6373     141.66
-31.4176     0.464763     1.1547     31.6361     -38.2688     60.0526     113.918     134.616
28.4712     -14.629     -3.44707     32.6086     69.6584     19.4362     -182.851     196.727
3.25532     35.1594     36.9257     51.4263     -85.7192     17.5528     186.467     206.044
-40.7644     -8.96226     48.1854     63.9964     23.4378     -87.9898     46.0297     102.714
-43.687     -17.2851     11.2043     48.36     -43.2091     -29.8997     172.621     180.507
-16.0358     17.3083     -191.998     193.476     97.2511     44.1111     -358.151     373.834
-10.4682     -9.26622     44.48     46.6926     11.7797     119.842     690.9     701.336
10.084     -11.8191     324.901     325.286     37.8516     -67.6637     234.622     247.161
19.6371     -9.62851     22.5038     31.5151     -64.0094     -58.7985     75.6612     115.426
19.8003     -40.8939     -104.815     114.374     -89.917     -45.5506     -284.021     301.553
-7.56407     -13.7879     2.84071     16.301     101.854     32.0618     -75.8537     131.189
-35.7414     -1.1156     -63.8564     73.2834     -37.594     -40.7918     2.37425     56.0152
6.34932     17.3525     91.1159     93.0487     -116.323     -30.7256     421.679     438.567
26.1484     30.3475     -165.708     170.546     86.561     -25.8255     -114.346     145.899
-23.0325     -8.11042     -11.2451     27.2352     32.9285     -103.737     -221.715     247.125
-31.7061     2.76255     -70.6979     77.6396     2.31735     100.812     -476.295     486.898
36.6571     -26.155     41.1171     61.152     -48.3162     -70.373     30.3156     90.9803
-8.22971     -18.4323     4.76232     21.0277     -48.0559     99.3252     -60.7454     126.059
-4.85564     11.2813     -27.1808     29.8393     28.8077     -129.362     -228.604     264.368
29.1401     14.8849     36.6268     49.4211     33.8238     71.5531     -55.2222     96.6527
-34.9336     -7.19975     4.81208     36.3078     -23.8108     92.8657     -65.3906     116.223
-30.5809     56.9624     -29.3314     71.2809     48.6043     49.2798     22.6786     73.1177
17.4846     -39.7714     -372.49     375.044     -50.7667     -66.6179     -217.588     233.327
1.08307     -12.4972     242.393     242.73     100.289     -15.4724     457.9     469.035
-20.6654     55.8364     55.6777     81.7078     54.7893     51.5782     -1.60498     75.6539
-39.037     10.2203     -285.078     287.934     -12.57     77.7182     -177.521     194.276
21.4826     25.3932     -179.565     182.661     66.4124     -51.7813     -305.509     316.956
-14.6618     22.147     -44.3378     51.9223     -71.5607     -83.8657     -52.8886     122.445
43.3873     18.7044     141.064     148.868     63.7273     -66.3607     100.234     136.339
10.1125     9.60147     -2.80896     14.9224     -92.2102     66.2968     -243.376     268.623
14.6412     0.256495     -12.3421     19.2455     -91.5173     67.8112     -127.804     171.289
-7.57184     -17.7185     -34.3535     39.4521     -93.7179     53.7808     -222.462     247.46
-36.7812     -13.4657     3.07855     39.5175     -22.4045     92.9036     6.17221     96.2857
23.657     -43.6262     -1153.55     1154.63     54.5237     5.08249     -405.717     409.426
64.2305     -10.4565     332.138     338.524     8.69431     -61.9605     806.435     808.882
13.4585     -22.851     -16.6827     31.6387     -109.928     -41.2989     -6.78951     117.806
3.94524     -18.9329     -189.17     190.175     89.7808     -31.4974     -218.43     238.333
-28.8912     -46.6569     -21.0541     59.0924     68.267     -45.5739     -73.2548     110.162
-14.0238     8.38442     -170.901     171.722     37.881     -119.12     -608.912     621.662
24.931     16.6936     16.7681     34.5409     -20.0481     87.754     256.692     272.05
43.4208     6.97152     42.2055     61.1305     -18.7324     98.1072     58.5482     116.012
-11.6425     34.4738     154.637     158.938     69.2182     46.6415     93.9535     125.853
34.5975     12.7087     -255.256     258.027     23.8741     -99.2557     -678.062     685.731
-22.3414     8.42386     259.762     260.921     47.2502     91.2877     398.602     411.765
-14.4456     5.63656     -101.995     103.176     30.4554     68.7558     -149.999     167.865
-33.8707     -21.0419     -323.93     326.407     -61.8192     -22.7245     -95.9891     116.55
-53.8287     40.1753     228.844     238.557     38.1128     76.3936     231.307     246.689
65.5309     20.9361     45.3139     82.5612     40.2981     -73.4807     76.8689     113.93
-52.8601     -11.0975     100.144     113.904     -22.6433     -51.0351     15.8884     58.384
-24.3819     3.1879     -13.7243     28.4275     -62.6226     -77.3686     90.5708     134.752
13.4869     8.98972     44.5671     47.6037     -126.373     26.6827     132.847     185.43
10.7045     1.57696     -17.0493     20.194     -47.0862     -109.446     13.4267     120.033
43.5658     -7.33145     270.11     273.72     9.57829     90.1876     681.568     687.611
-46.8467     -16.626     -379.052     382.344     -60.1286     10.2443     -102.806     119.681
2.47321     14.6819     -21.8472     26.6505     -50.097     -106.504     -302.399     324.685
-7.33931     12.5419     -17.4268     22.7508     115.913     21.9697     -455.461     470.561
-61.3944     -4.084     -131     144.997     -25.1663     58.6971     -373.325     378.814
29.767     31.4731     109.452     117.864     66.0101     -70.3452     341.955     355.369
-23.4167     2.00671     -179.884     181.433     -58.8613     -55.0945     -127.056     150.627
8.06077     -37.495     103.464     110.436     -75.7542     -30.052     74.6454     110.702
35.9729     -14.4835     -85.9559     94.389     -22.442     -69.9352     -427.026     433.366
-18.6981     -35.9643     215.737     219.542     22.1211     -41.4375     64.2946     79.7536
-40.0947     -48.7817     -658.346     661.39     -63.9693     45.4406     -684.796     689.304
45.1434     -19.8582     -134.302     143.121     38.8738     66.768     -124.117     146.397
-6.81084     7.79557     96.7373     97.2908     106.259     47.4491     309.912     331.1
-7.58476     15.0414     -10.0539     19.7091     -108.315     -19.4779     -483.73     496.138
11.5266     -20.7499     33.0625     41.0021     -99.4747     -54.538     493.643     506.583
-8.53235     14.0184     -23.0345     28.3584     -87.5053     -40.1372     15.923     97.8965
-38.4878     -2.23986     -102.075     109.236     13.1112     103.445     -241.059     262.788
-55.157     -19.7197     267.572     274.027     8.316     -74.6714     167.497     183.665
-15.3825     2.69802     -4.46157     16.3512     104.964     -56.0938     0.799098     119.352
-12.4549     8.90301     -28.2211     32.3612     40.2274     100.611     -887.687     894.324
26.8302     17.4271     10.0443     33.6379     43.0139     -86.2218     71.5142     120.644
34.9012     1.44167     -17.8815     39.6087     -6.59311     -96.876     17.9429     98.9193
11.142     51.5002     296.955     301.631     67.994     2.82765     197.966     209.41
9.9652     19.4166     9.74494     24.37     -123.696     14.6383     -33.5637     129.285
31.632     -15.7459     -30.3591     47.1054     -57.7227     -85.7837     -25.8652     106.81
-11.2647     59.6959     -63.014     87.6963     56.4238     27.8197     -195.601     205.535
18.8097     -3.46414     -56.7517     60.0237     -48.6829     120.045     -253.048     284.497
47.8558     -9.54534     1094.54     1095.64     55.4483     -28.6691     300.625     307.089
-33.248     2.64252     -94.5603     100.374     -74.9264     -24.5334     -1138.65     1141.39
22.4226     -53.8046     -175.048     184.539     70.0042     28.1817     -250.17     261.341
-20.9146     26.9401     -13.1467     36.7332     84.1279     64.9096     -13.9631     107.762
9.41484     37.3156     -198.664     202.427     -94.6072     13.8589     -465.179     474.946
30.499     -6.62449     -12.2464     33.9934     58.6929     53.5982     108.258     134.673
-21.1857     -20.7495     -172.368     174.977     89.9043     -56.1512     -389.373     403.593
-11.9608     10.6049     3.14828     16.4037     -88.8599     -17.8088     322.018     334.586
14.5242     6.08096     149.12     149.961     79.3711     48.9508     125.546     156.683
23.7994     -8.29078     -3.52511     25.6805     -3.09214     108.35     49.6247     119.444
-7.88935     -6.67889     -7.39235     13.267     89.7109     84.4666     -281.128     307.022
-16.5808     43.5698     -31.5613     56.983     -87.4117     -13.4228     14.2075     89.7932
31.057     -18.344     -91.0986     98.0916     32.5108     89.3976     -212.58     232.96
50.0852     4.63882     -61.3968     79.9574     48.8205     24.8224     -369.267     373.334
52.6526     -4.31794     46.8733     70.8382     20.6668     88.1862     153.415     178.303
-35.3736     -6.73624     -131.468     136.389     -33.8142     85.1003     -113.009     145.577
19.5918     -55.9632     -264.267     270.931     71.8387     -5.52248     -115.487     136.368
2.43292     26.5609     274.317     275.632     92.3204     -47.3672     680.236     688.173
21.959     -7.42017     -31.8588     39.584     45.0865     101.525     -8.59041     111.773
-1.20245     27.8281     987.704     988.105     15.0495     66.2702     394.468     400.312
-12.583     -3.19899     -26.2027     29.3527     63.4085     -9.08996     -222.405     231.497
-7.97596     -9.58271     -3.87648     13.1445     121.865     -21.8379     -47.1017     132.839
5.0124     13.3539     13.1824     20.0708     -46.4148     -126.222     141.54     195.335
1.74908     -19.7443     -80.8783     83.3638     88.1674     71.0903     -679.236     688.634
-19.7453     43.1931     44.1942     65.0415     41.6586     59.2095     -24.8265     76.7111
-30.2217     -19.011     408.395     409.989     -62.6263     75.7298     487.808     497.677
2.13859     21.5553     -63.3712     67.0724     79.7918     -76.4384     -153.161     189.004
44.6314     3.69118     -98.9626     108.71     11.0096     -93.0617     -203.524     224.201
-2.83349     -13.5131     95.0263     96.0691     10.5449     -86.9724     65.8994     109.917
27.9282     21.0009     104.032     109.825     -6.0083     92.7343     55.0427     108.16
34.6757     -57.0126     -79.8912     104.232     -56.6969     -55.3098     -43.8115     90.6707
-42.3992     -47.8528     314.285     320.798     -64.0968     41.1906     597.336     602.197
-8.78536     49.8215     184.19     191.049     -60.8024     5.43596     433.23     437.569
-53.4926     26.9693     24.2197     65.1128     -55.1028     -55.8989     104.349     130.746
-18.1385     43.1147     95.5385     106.476     -78.7188     -8.49773     38.366     88.1847
-31.9669     -22.9183     268.552     271.475     -52.233     51.5891     183.56     197.759
-7.71773     -27.4885     -411.419     412.417     98.9743     -9.83378     -1128.89     1133.28
2.75508     -39.5802     -59.5725     71.7857     -73.1093     -39.7698     -396.157     404.889
8.39809     -9.68484     -8.3339     15.3335     -101.103     -41.5795     -217.365     243.497
-29.0223     -10.8701     536.211     537.12     -21.2241     -76.4382     346.696     355.748
38.8646     8.89141     -27.8953     48.8778     40.0001     -93.0955     -172.55     200.199
30.5632     -3.80998     -181.28     183.915     75.5325     -13.973     -67.2627     102.267
26.7216     -2.42708     -88.116     92.2211     -50.2064     -102.111     -491.665     504.694
-23.7698     21.2109     -836.316     836.935     -82.5792     6.01019     -444.24     451.939
-27.9095     44.6147     196.319     203.298     -62.2697     11.8313     856.399     858.767
12.9535     9.17338     12.3845     20.3094     86.766     31.2086     -122.097     153.122
3.89445     11.163     44.3282     45.9509     93.2419     -56.6917     102.559     150.117
-2.71268     -24.9009     237.439     238.793     118.077     15.1378     545.37     558.242
25.3921     -53.1083     -82.2166     101.425     64.2414     -5.76323     1.51922     64.965
-15.2798     -12.6129     -30.2304     36.2684     -37.4915     73.761     -24.2038     86.4396
41.1887     -19.5047     -199.644     204.86     -35.4252     -83.3752     -224.738     242.441
-12.0624     8.94836     2.70685     15.4783     -9.78378     -122.37     77.818     145.655
-33.9006     -28.4346     -92.3843     102.69     -57.0051     9.06488     -460.557     464.181
-3.28904     22.81     -59.7186     64.068     -82.128     30.2033     -1071.7     1075.29
-42.9786     15.3273     -233.552     238.024     -50.1194     9.6423     -33.7252     61.3927
-29.5723     -2.5718     -610.612     611.342     -67.5617     46.139     -365.226     374.428
-24.5903     -24.5765     2.65587     35.2912     82.4852     -58.3804     -45.8151     111.133
-18.5957     38.4896     -62.5075     75.9811     47.4835     62.6325     0.486727     79.0482
-44.4853     8.84799     -112.451     121.29     -0.462608     74.2035     -421.776     428.336
32.7368     2.56374     6.62039     33.7496     -3.40226     97.09     -73.5718     122.062
-37.0417     11.63     -10.2272     40.4451     -61.1012     14.3431     -217.447     226.458
-25.8108     30.9334     222.245     225.936     -59.3693     -39.5657     352.75     359.96
-14.792     5.46494     -42.6879     45.5433     102.127     55.735     -110.234     160.409
-8.39835     -51.0539     -374.725     378.322     -101.119     7.08474     -626.678     634.859
0.104316     70.9298     683.537     687.232     71.0891     11.6246     1096.7     1099.1
37.4712     2.87718     -176.537     180.573     16.4587     92.025     -158.3     184.282
-13.173     11.0151     -12.2966     21.2998     -39.4956     -86.9804     57.1167     111.448
45.9748     -13.5828     33.7083     58.9372     28.9713     85.3703     37.4147     97.817
17.7705     1.85965     -201.714     202.523     -24.2409     -118.432     -549.901     563.074
-9.11845     -40.1812     58.131     71.5213     32.3229     -56.3615     471.808     476.302
-7.08585     13.2839     97.8504     99.0562     4.04579     94.0432     107.659     143.33
-1.05673     44.1869     -1210.82     1211.64     51.5259     47.3983     -567.483     571.859
8.64236     -7.13755     -93.2158     93.8984     -110.756     -30.4568     -402.144     418.275
8.65009     -19.2385     9.81785     23.3345     -99.4479     -44.9377     -46.7621     118.934
-35.1749     -18.7501     72.7227     83.0441     -28.8851     -58.1787     618.543     622
-1.0264     11.3477     -2.84299     12.0264     -84.2673     -73.1442     111.83     158.518
-33.0992     26.9116     2.7969     42.8726     -68.7161     -45.428     105.574     134.061
-20.1344     -65.8707     26.6239     74.037     -71.1163     16.7791     46.2288     86.6342
10.1383     -5.40083     -172.107     172.52     -22.5892     112.66     -646.693     656.874
-12.192     2.92914     -6.88949     14.3643     83.5649     -19.9409     22.8296     89.3047
4.99087     11.3186     -22.2312     25.4771     38.7704     -115.537     -272.729     298.806
-34.3297     -12.3762     162.143     166.248     42.4246     -83.3234     479.133     488.213
-22.1336     -57.3579     136.506     149.831     -76.7957     3.77881     68.274     102.996
-7.29442     -16.3148     80.282     82.2978     -70.1612     92.4091     818.996     827.235
-44.5063     -45.1309     167.271     178.995     -73.2837     45.1979     370.816     380.723
-45.9333     13.8437     -78.2266     91.8096     -31.0016     46.6357     -445.5     449.038
-5.74724     -11.8891     23.0238     26.5859     40.9483     -74.9407     -51.1306     99.7075
-13.0216     -26.3414     -22.1883     37.0332     -83.9465     59.557     -165.07     194.731
-7.66894     53.6286     213.562     220.391     29.8036     49.2129     37.8418     69.069
21.6247     39.3077     -241.716     245.885     -65.5532     50.4739     -1035.09     1038.42
-23.043     -11.0252     -13.8238     29.4567     -38.8608     -73.6888     -391.118     399.928
-12.851     52.8821     -346.79     351.068     66.3281     23.4806     -525.17     529.884
15.9829     35.2275     -86.0679     94.5512     81.4216     -26.7034     -410.915     419.794
5.43525     -37.0212     93.115     100.468     83.0864     -26.2811     46.0553     98.7152
-21.0335     2.53664     -19.1933     28.8156     83.3079     81.769     -201.796     233.232
37.7958     -22.002     -249.377     253.23     12.0919     -67.9629     -97.8982     119.952
14.9905     2.7965     431.368     431.649     55.2737     -86.0516     554.009     563.417
7.88814     -11.4977     172.553     173.126     -117.927     7.35513     1106.1     1112.41
-9.60353     -23.3808     -103.155     106.322     -67.0836     85.9038     -537.113     548.1
-9.27208     9.72845     2.64279     13.835     121.201     -13.4298     112.821     166.289
29.1467     49.111     -114.587     128.147     64.3173     -25.7505     -171.827     185.348
-38.1313     31.5636     61.924     79.4138     55.7094     81.1058     120.2     155.523
-24.6854     1.13708     30.7203     39.644     50.7103     -98.3283     192.47     222.065
-6.8913     24.5719     -58.8085     64.1904     104.553     8.45705     -593.688     602.952
-11.3087     16.6104     -46.1147     50.3877     51.8812     75.3562     6.53271     91.9076
32.0224     18.7335     -62.7165     72.9623     1.11329     76.5652     -555.023     560.303
11.5953     -8.68727     18.6921     23.938     22.6761     115.425     564.079     576.256
59.3244     -11.5248     303.051     309.156     -8.57375     -77.3519     273.521     284.44
29.2335     4.93856     18.7002     35.4396     74.0818     -2.50367     389.11     396.147
-11.154     -1.84139     220.787     221.088     -49.1711     -77.1603     284.441     298.998
24.5657     26.8992     -12.2058     38.8719     -66.505     76.2535     60.5363     118.367
30.3008     -14.3863     -25.5996     42.5033     29.8054     88.6044     -52.472     107.35
5.18012     -11.633     -6.25238     14.6005     83.3327     5.19459     87.5218     121.073
-32.2794     -19.7429     -32.4881     50.1309     -78.436     58.2446     -295.198     310.992
-38.1206     -52.4838     96.136     116.076     40.7333     -52.7878     246.164     255.105
-21.2058     -24.2259     -45.1718     55.7226     58.5983     -54.898     -17.5503     82.4857
11.8013     1.9623     -8.13297     14.643     -78.6914     51.9992     42.5122     103.709
-63.6608     9.01161     164.467     176.817     -15.8228     -74.6258     219.217     232.169
38.3999     38.0079     -587.515     590.021     0.678706     54.9726     -135.571     146.407
15.1742     28.3172     96.1524     101.622     90.3692     -65.2453     204.887     233.313
-0.0150369     44.0856     -231.166     235.428     -62.4511     6.1914     -295.432     302.103
-41.1826     18.6397     -15.7638     48.3901     39.0923     86.9757     -63.4784     114.838
11.5781     8.84461     118.896     119.82     -104.74     61.2731     1364.58     1370
4.37265     29.0597     73.3133     79.0709     66.753     -11.6014     449.442     454.535
50.7209     -21.5951     7.03018     55.8769     48.5759     36.8406     -76.5962     98.0218
15.5829     24.6749     -39.2291     49.0075     -89.5792     42.0779     -93.2752     136.104
12.643     59.0087     374.797     379.678     -77.2976     25.4295     352.563     361.908
-22.7995     -40.9007     58.4695     75.0887     -92.9946     42.3973     108.157     148.995
4.08833     43.8676     -952.381     953.412     -63.8819     46.4821     -496.887     503.158
39.3363     -1.94645     39.702     56.1014     71.7984     20.8371     -52.5569     91.6411
15.2283     -62.4115     3.21037     64.5769     -68.2452     -24.7249     -33.2322     80.127
56.2061     -38.3029     -76.1613     102.431     -27.1561     -72.7965     -36.5733     86.1286
8.60869     15.3301     148.791     149.832     -0.628841     90.0292     101.56     135.934
29.9946     -51.3975     -393.22     397.737     67.3208     36.1457     -353.075     361.296
-59.2732     23.199     -36.6482     73.6696     14.3469     70.0214     -75.9059     104.346
39.0565     -20.6574     36.3221     57.3135     67.6469     31.8501     -34.055     82.3655
-48.259     14.3587     79.4288     94.1701     -24.8212     -89.6113     181.423     203.987
-43.1719     39.5145     -261.61     268.128     -67.3289     -37.4946     -147.623     166.698
-8.02207     48.5185     -171.553     178.527     12.4613     48.918     -15.7199     53.1387
-14.3084     47.7397     45.8597     68.1145     -74.8487     8.58877     239.243     250.919
20.9898     26.3511     -4.4651     34.3048     -93.6504     40.3331     -16.6084     103.827
13.8022     0.878859     20.7266     25.0043     -117.946     -19.3195     378.123     396.631
7.48059     -7.49933     16.0286     19.232     31.0227     100.777     439.4     451.907
11.159     4.74427     -4.46639     13.5281     -122.688     -21.3928     76.1821     146.23
60.7103     -6.57557     -132.996     146.465     16.8627     -60.7195     -379.713     384.956
-26.6477     29.9641     -41.078     57.8123     -85.1103     -16.1353     28.4721     91.5615
-35.9891     6.28919     286.429     288.837     -56.1108     -42.9378     116.969     136.862
-9.23221     13.4755     50.4252     53.0455     101.865     43.0663     92.9937     144.594
-57.3938     -25.8348     682.469     685.385     -44.8284     68.0121     623.669     628.989
53.8335     -16.4903     214.383     221.717     28.7594     69.8249     148.668     166.942
-5.00543     46.1167     44.3151     64.4982     -80.1879     12.7221     -3.53883     81.6848
-11.7432     -11.9752     -91.4473     93.0528     -40.3998     55.9833     -107.77     128.09
9.12954     -20.0976     -306.354     307.163     4.12538     -76.1061     -172.562     188.749
-16.2151     -34.7424     559.733     561.067     83.9422     -47.3402     1929.32     1931.74
22.0799     4.90672     23.6085     32.989     -32.0862     -77.2961     37.9414     92.0357
-35.6536     -29.5916     -25.979     53.4409     47.6147     -78.2284     -112.669     145.422
-22.8491     -11.4464     -17.4503     31.0664     -48.8456     77.8399     59.4506     109.594
-26.7668     6.75433     -1.44527     28.331     63.0762     90.0469     23.4839     112.568
10.5275     5.86332     -25.3097     28.3757     -114.1     -28.5379     -61.0354     132.784
21.2811     2.9504     21.2711     30.3082     -19.8522     -101.509     212.134     236.084
-43.6181     -6.23353     147.003     153.593     -23.2777     91.7397     565.905     573.797
-11.2377     27.6338     344.768     346.099     -79.9202     -69.3789     826.239     833.033
19.5715     2.8125     284.592     285.295     39.8907     79.6331     313.746     326.345
69.1897     -15.9546     905.321     908.144     31.1388     71.7613     723.466     727.719
24.8894     42.1989     90.1695     102.796     -82.3069     61.1811     198.09     223.344
36.2051     -8.62163     -131.589     136.792     -22.7283     -97.6062     -610.432     618.637
37.4429     36.1467     16.894     54.8902     64.2746     -47.4159     -29.9756     85.5381
30.6852     -9.81217     -54.5389     63.5155     59.9444     76.0905     -15.0091     98.2663
16.5544     50.9688     -406.161     409.715     -51.4669     18.6606     -614.68     617.142
67.3437     0.185443     -100.562     121.19     25.2085     -71.1721     -251.92     263.044
39.3226     43.5495     -309.6     315.151     73.7023     -53.6738     -478.412     487.065
40.1201     57.2439     -369.004     375.62     65.5532     -36.5351     -368.83     376.437
-19.5359     -22.6142     24.0726     38.4455     -73.6264     88.2629     122.985     168.471
17.1537     38.3543     -0.964517     42.1832     91.4455     -5.4408     101.656     137.032
-43.5279     14.699     -10.8304     47.5192     -41.2046     -39.987     69.0636     90.1046
12.0486     56.8193     -126.16     139.108     89.0833     -4.58561     -132.457     159.826
11.8542     -8.7455     14.5733     20.8465     59.3146     84.9438     504.071     514.635
8.54583     21.0401     24.6192     33.73     84.41     -59.8234     253.134     273.508
28.3832     14.9749     -54.0861     62.9793     -20.8018     94.8994     -43.3412     106.483
-20.0295     18.6738     -64.9132     70.5942     -85.5486     -28.0688     -15.9189     91.6879
3.36503     10.6809     -1.62699     11.4783     90.7108     -32.2556     -141.731     171.462
21.6696     -27.1753     62.804     71.952     -61.4664     -83.269     509.343     519.789
-9.49138     11.6183     40.8973     43.7387     120.339     -22.1945     404.491     422.843
-46.3477     2.37741     46.3943     65.9254     -6.08104     88.5099     197.51     216.634
-9.62178     -41.1649     15.5375     45.3309     -95.5093     24.8095     18.9427     100.668
3.08693     -39.2144     -0.511334     39.4984     -1.63563     -65.2083     158.596     171.577
-14.8843     -11.9188     -63.3171     66.2344     42.089     -102.519     -1689.1     1692.77
-4.52795     60.8083     79.1347     100.332     -77.3657     5.62586     52.3466     93.858
48.2696     -0.781435     559.837     561.943     4.16669     -63.3205     530.25     534.086
16.4771     42.4363     -214.693     219.523     93.8812     -14.7548     -942.093     946.948
-24.4459     31.6817     27.9005     49.0619     -78.4351     -35.8933     223.238     239.505
-56.5883     15.3149     -949.168     950.991     12.9805     75.4016     -707.92     712.071
5.0783     -47.5541     -16.0397     50.767     95.3378     6.22317     -39.5765     103.62
39.3982     -36.6998     -142.925     152.789     52.1881     22.8339     -30.6902     64.9241
18.3644     13.6168     -0.701083     23.1852     -8.46122     94.7262     196.03     218.113
2.72219     -26.3205     -19.6303     33.0997     82.5525     4.17346     -239.053     253.008
-25.7311     -17.1732     -0.910479     31.07     68.4699     -71.3602     60.8299     116.233
5.02732     -22.8655     -62.0126     66.3632     95.4818     53.7774     -566.057     576.623
-27.2582     -2.68718     -93.8941     97.8659     19.1002     -44.0174     -205.057     210.641
-62.1788     11.1983     -546.07     549.743     -19.4847     -69.6206     -527.104     532.076
-26.5966     -14.4443     16.6979     34.9295     -11.5528     -82.5737     -95.7431     127.142
-8.16345     52.9893     -307.353     312.02     44.2874     43.5467     -1255.81     1257.37
-4.19501     10.3434     -28.7139     30.8891     -15.927     84.1865     42.0675     95.7069
21.1041     -18.6111     18.6311     34.0282     -93.8838     -50.6337     137.758     174.571
26.3394     11.5126     -4.34393     29.2725     1.24564     59.1939     63.8191     87.2269
5.30241     -13.5505     -70.7741     72.2852     -112.786     -16.0084     -140.978     181.366
9.09404     -9.60092     8.96059     16.0894     32.9168     -33.6297     272.687     276.749
8.27828     15.6977     30.7904     35.5706     53.7921     -95.987     113.372     158.107
-9.42208     -16.271     -31.5674     36.8121     111.072     11.9074     -345.035     362.722
-21.7543     -31.0837     -69.6749     79.4369     -20.6851     -53.9492     21.9097     62.1498
-15.4696     -36.9313     -613.563     614.893     40.3666     -62.5839     -282.835     292.542
-52.3274     16.1412     107.047     120.45     -58.8335     -20.4759     1.24296     62.7898
-46.5803     -12.1629     -20.6506     52.6556     -28.663     89.7864     -16.1622     95.9247
-54.012     27.5741     -257.903     265.001     -59.4015     -17.8724     -64.7899     89.9603
17.0314     56.4015     103.213     118.98     -74.8043     32.0098     216.421     231.297
45.8161     5.66508     -411.68     414.311     1.5749     86.9418     -1412.67     1415.35
36.5927     -8.35084     -221.154     224.361     15.9348     90.8192     -280.179     295.066
13.356     -25.7779     10.4902     31.0914     84.4436     39.8439     -76.4668     120.889
8.51303     -11.585     -5.90438     15.9801     -117.37     20.1174     67.0421     136.813
-10.0819     -7.21315     43.5005     45.2739     99.7855     87.6372     361.67     385.341
-28.2774     -11.8317     -42.1176     52.2769     -33.5634     -71.3174     35.2514     86.4455
31.922     55.9149     98.7728     118.035     73.8143     -31.3173     96.3913     125.53
-14.2547     34.6118     -99.8281     106.72     -23.5807     56.5786     -1.17099     61.5589
-9.3512     -27.8484     -326.363     327.729     -91.7439     10.0261     -313.964     327.309
36.3725     0.765282     -93.718     100.657     19.2191     -99.0726     -560.344     569.393
-11.9512     13.5779     1.95927     18.5428     -71.8222     29.8341     265.104     276.34
2.34561     18.4585     5.83649     19.8698     -108.888     -43.9166     -20.9507     119.736
-22.9153     20.1274     -0.573415     30.7435     93.6955     72.4706     20.5099     120.463
-7.85551     52.9498     595.424     597.849     -57.6961     4.26605     344.079     348.961
14.9894     44.521     -209.048     214.357     -63.4728     46.3971     -116.797     141.081
-7.05813     36.0753     4.09152     37.3286     73.4476     57.4934     160.773     186.024
-8.27808     25.6286     -139.605     142.235     84.5716     38.047     -129.83     159.714
-24.2366     -19.4433     -34.0713     46.1731     57.9708     -74.4754     -285.188     300.473
-39.1448     -0.498224     -70.6687     80.9702     -36.062     59.2344     -433.201     438.786
-50.1136     15.0812     722.326     724.24     -29.7158     66.2697     306.292     314.837
-9.76753     -49.7971     -3.42656     51.1573     70.491     -29.9944     -58.2717     96.6434
-8.97742     31.3364     -93.1858     98.7814     -63.0989     23.0345     -772.697     775.631
19.3689     -33.2854     86.2637     94.5923     62.2085     -20.7191     732.113     735.109
-20.5094     0.609231     14.2804     25.1933     5.79819     98.5788     -51.8541     111.723
22.304     37.0427     -45.2478     62.8727     81.4526     -55.1198     -62.8671     116.918
-29.5502     -18.1806     -42.4621     54.9764     -64.902     57.8598     -383.309     393.121
18.3355     -28.8605     90.0266     96.4336     89.0796     36.6102     88.5605     131.119
1.61704     14.4903     337.076     337.407     -77.5775     54.558     360.422     372.778
-5.92238     33.9218     15.8955     38.2142     11.8155     66.2836     -107.959     127.455
-1.9264     -41.9034     -64.1136     76.8086     103.802     -5.54186     -91.0367     138.406
-32.1981     -5.35098     93.9536     99.5787     -55.3349     -43.4424     9.29005     71.2427
32.8993     -22.7982     138.906     144.685     41.1648     54.5013     475.379     480.277
24.7722     37.4593     69.4622     82.9187     83.2301     -47.9804     271.759     288.415
-47.0953     -17.1481     -110.178     121.177     -65.5838     42.1469     -584.141     589.344
-37.9311     -14.6808     -101.427     109.35     -48.6301     17.5616     -5.45915     52.2959
-36.6986     26.4379     -556.057     557.937     -54.2543     -44.5022     -324.989     332.508
-24.1609     1.02529     -17.5555     30.2005     38.1284     -109.507     -122.987     169.52
4.19522     19.8353     6.42361     21.4844     -101.828     -12.9158     -61.2412     119.691
-3.63185     -59.3313     -35.559     69.4757     88.3161     -15.2602     -55.6272     105.754
13.8026     16.2978     -17.4442     27.6519     91.3809     -5.18479     85.7463     125.743
13.3829     -48.7956     -130.153     139.729     -85.9438     -26.3027     -161.886     185.453
-6.30148     -14.0691     -7.80452     17.427     105.764     -11.4197     44.3181     115.368
9.50852     -10.4581     249.872     250.283     76.4436     -29.1109     171.305     189.938
4.04213     17.6518     -45.619     49.1088     94.5416     -63.1462     -113.326     160.696
0.145462     -13.7182     -2.47096     14.1573     -68.7688     -67.6404     225.413     245.26
11.9677     10.9209     5.01934     17.0661     -23.4275     -114.531     95.8636     151.315
-9.49935     -7.19573     -112.854     113.491     89.5461     85.28     -790.421     800.061
33.3743     -30.3469     319.547     322.736     -38.538     -72.3389     277.987     289.893
16.6373     -43.4135     -287.28     291.064     -89.5033     -44.9387     -388.531     401.339
28.122     -58.8565     125.889     141.914     -62.9967     -52.6316     81.1695     115.695
-16.041     -11.6257     -28.4031     34.7393     114.711     -48.8338     -264.204     292.305
-18.9704     37.6613     36.4238     55.9601     72.3332     45.6652     200.481     218.047
-34.0626     33.2992     -223.435     228.528     -63.4497     -64.429     -274.188     288.835
13.6363     -8.68975     2.00428     16.4918     41.577     97.1037     -151.87     185.133
3.71794     30.7359     29.5364     42.9135     58.5253     43.2193     360.539     367.887
1.34515     32.1415     27.6544     42.7117     46.6875     20.621     -27.9913     58.3423
-53.4198     -9.58966     276.408     281.738     -54.5403     1.41344     44.2805     70.4682
2.30387     -21.1009     41.0828     46.4009     95.9418     69.6921     162.929     201.641
17.0677     -15.0843     -24.9118     33.9561     64.5852     -32.8573     -600.948     605.335
-16.547     0.650116     25.3156     30.4943     122     -55.4318     178.683     223.922
-22.4059     12.6895     56.7463     62.4232     50.8159     60.908     53.2163     95.6552
-6.16466     -15.2428     85.5724     87.1766     -87.8687     21.211     192.042     212.355
-5.635     43.07     8.53255     44.7571     -61.1733     44.6677     -103.07     128.093
10.2926     29.2608     17.5164     35.7243     98.8066     -6.3899     -59.1803     115.52
-13.4647     36.3182     -118.368     124.641     73.6947     57.3592     -86.7022     127.703
14.7965     -5.41437     20.0221     25.5489     17.1041     -47.4694     401.002     404.167
-42.1861     -25.4018     -1.70115     49.5823     -46.82     68.1501     -49.7369     96.5945
35.9475     -52.0758     -401.371     406.417     -53.7692     -41.6232     -323.085     330.234
-6.34327     -11.681     -13.8209     19.261     16.5164     121.978     -41.6044     130.157
-28.7263     10.1356     66.4107     73.1972     66.9417     95.0319     213.944     243.6
-31.3254     0.186156     21.4068     38.0232     -12.2575     -100.123     225.608     247.211
13.7804     14.2071     -35.3755     40.6134     82.4511     20.814     32.09     91.2389
-0.344371     48.866     -49.2557     69.5716     85.0601     8.41673     -22.0148     88.427
30.8271     24.0937     -50.8909     64.4123     60.167     -83.8201     -73.335     126.744
-4.87035     -51.8513     403.114     406.499     -40.3946     -58.4715     123.915     143.028
15.948     10.9128     114.977     116.627     -76.3949     74.784     513.486     524.554
-39.9664     10.9045     -38.953     56.9528     -10.5544     -97.1949     -65.3879     117.853
0.280641     15.5807     6.78448     17.1891     -115.922     -18.5413     -75.4597     139.728
29.313     -2.28841     116.36     120.037     6.36307     -92.3496     997.747     1002.05
-17.5325     -61.3516     -4.034     64.1526     76.48     -29.1044     -6.74171     82.3835
-41.7016     17.6737     -11.4384     47.0288     43.5632     83.5833     -57.8211     110.799
-33.2514     18.2416     -15.879     41.2948     -41.7028     18.3371     70.7536     84.2572
-37.2393     4.25228     8.59637     38.7714     -35.2827     69.5472     163.782     181.502
-28.4293     25.0122     -279.562     282.165     26.259     80.7114     -177.354     196.697
31.2304     6.63057     -151.917     155.306     -17.7156     97.8889     -203.26     226.394
-29.3401     20.981     164.153     168.168     -41.6185     -96.5037     476.735     488.254
-42.2331     -39.788     -9.78949     59.1425     51.7025     -54.6258     -14.1149     76.6147
-7.06037     -29.1433     106.504     110.708     -94.8309     53.1907     628.934     638.298
-11.9256     -3.54893     -41.9139     43.7567     -15.5012     75.887     -21.8364     80.8615
-71.037     8.88904     62.058     95.1114     -19.7458     -69.5563     81.1858     108.99
36.6485     -17.2286     62.9207     74.9809     29.5758     56.335     154.06     166.736
42.5265     -36.0205     1079.18     1080.64     -14.0536     -57.9249     353.562     358.588
-28.7048     -7.95387     -17.8234     35.3477     6.3473     119.85     -74.3457     141.387
-44.6157     7.79617     -12.3308     47.2775     -17.6812     -94.9614     -59.1507     113.391
19.3058     -58.7939     -220.468     229.066     -76.4181     -35.7268     -321.878     332.795
11.5828     17.4749     -1.10663     21.1358     78.3632     -31.7959     40.0803     93.7944
-3.62533     -15.8833     -55.5845     57.9821     48.5903     -69.7713     -17.3632     87.1687
-48.2072     5.88805     49.576     69.7918     -44.4664     -73.6854     281.793     294.746
33.5133     4.76681     122.542     127.2     17.7309     -93.4637     575.408     583.248
-16.7975     -36.6013     -27.9402     49.1924     92.5746     -30.0995     -32.0032     102.645
17.365     -4.73971     67.9948     70.3985     -58.1012     -88.3916     180.359     209.227
-62.7002     7.99514     77.1048     99.9892     -10.9523     -71.6115     76.2047     105.294
22.7903     -6.29551     7.66415     25.1583     20.6836     85.3395     177.111     197.725
20.811     52.7656     305.947     311.302     -67.703     36.1931     342.153     350.686
2.89978     -11.4122     17.0984     20.887     59.6309     99.5333     348.164     367.079
41.7279     17.1236     -53.6787     70.2448     -15.4945     83.9636     -32.93     91.6539
-22.4783     31.2996     116.7     123.032     48.594     70.4388     810.74     815.277
22.6301     2.24476     3.8956     23.2836     73.4796     40.6887     272.148     284.907
32.3732     -14.3597     18.6887     40.2493     36.1513     -62.9551     -90.5192     116.205
-17.884     -47.9301     477.953     480.715     13.6831     -67.2521     146.722     162.006
2.39476     34.5373     -165.958     169.572     97.9115     -0.751948     -283.448     300.103
-12.363     -42.0291     168.41     174.121     92.3102     -34.6451     205.71     228.19
-31.3703     -4.73065     -446.87     448.007     -48.8457     71.5774     -344.489     355.292
-39.2701     9.71931     -179.255     183.825     -35.1866     48.7498     -39.2496     72.0463
0.0798331     32.7805     31.6289     45.9261     -104.13     2.60803     37.9567     111.179
8.06487     -40.2279     395.528     397.685     -69.44     -50.6039     2535.62     2537.08
18.1235     -24.842     9.05389     32.3036     72.6638     6.59616     -79.349     108.04
-34.7379     -48.8638     -89.4087     107.777     46.5779     -66.2298     -39.9601     90.6192
37.0798     -3.04533     22.5576     43.8915     17.3997     100.71     166.373     195.345
-47.2749     36.9483     140.318     152.732     -67.1764     -52.3511     103.646     134.395
48.512     11.0471     350.63     354.189     58.5405     -5.48441     80.2767     99.7065
-63.9989     1.21311     -194.858     205.218     -14.9422     -64.1887     -413.97     419.208
1.8655     -11.3821     23.5228     26.3838     -19.6406     116.585     69.2987     137.253
4.71164     -18.5541     -79.9183     82.2424     38.4963     74.5615     -210.943     227.14
2.29446     20.8709     39.2062     44.6283     -94.8473     22.0192     4.92819     97.7226
-4.56255     -9.05503     7.06531     12.4765     -3.13189     124.045     -50.4988     134.085
44.9421     -1.02828     -14.2377     47.4653     36.6214     77.038     71.0847     111.342
-25.5196     49.3525     628.437     630.911     73.9082     57.8194     1637.08     1639.77
43.3019     6.10395     7.16437     44.5842     -7.85946     106.101     38.9113     113.804
-25.3049     8.42933     -170.828     172.932     63.655     99.2762     -1045.28     1051.93
-35.0471     -32.1246     184.157     190.269     -70.4872     49.7144     134.192     159.691
-21.0767     22.7585     319.34     320.88     -85.9335     -28.0993     243.365     259.693
20.5984     11.9927     44.3983     50.4272     -44.4024     83.9122     175.434     199.676
-8.74015     52.4119     44.5514     69.5257     -47.4442     38.1921     253.752     261.062
52.0887     -30.7821     225.429     233.5     47.4558     61.3883     158.66     176.768
29.0403     -44.4529     9.81457     54.1951     79.9638     30.0279     61.3563     105.382
7.07562     -9.20938     -2.86465     12.1508     106.081     12.2168     209.057     234.842
2.00534     -66.6098     57.3235     88.2753     -73.7557     -16.0711     122.475     144.021
8.71594     10.1008     25.7654     29.0745     -41.6495     -97.5883     83.7525     135.28
5.0615     44.1783     30.5086     54.1305     -89.109     14.0086     143.552     169.638
2.80379     41.8479     97.9408     106.624     -32.6788     44.2802     1.71786     55.2923
-19.0431     -15.6968     -22.7957     34.0214     73.5276     -71.297     26.1687     105.908
44.1562     13.7545     184.063     189.906     -10.0787     83.9121     135.818     160.106
9.23798     4.34893     -118.773     119.22     49.4609     -79.9021     -194.279     215.876
-12.6545     -3.68461     -1.61366     13.4298     88.5828     80.3432     -14.9273     120.703
14.6165     -59.9635     86.3524     106.338     71.5714     -1.6232     228.361     239.471
3.02839     -36.5753     -205.588     208.885     87.3389     1.71651     -1132.2     1135.58
2.60385     -11.3913     342.545     342.749     -1.23052     -74.7167     232.82     244.559
5.14368     20.5775     -282.501     283.317     72.5575     48.871     -189.565     208.886
-8.22432     -12.3289     -3.8739     15.5245     -28.9428     -78.6776     257.484     270.95
-20.7437     48.6334     -93.7576     107.79     72.132     32.1812     -221.224     234.945
-4.90083     43.4377     15.4072     46.7367     86.6266     7.09522     58.5189     104.884
-21.4708     60.8832     -489.009     493.327     53.0953     40.8614     -231.703     241.263
-21.8685     -3.13562     -59.3559     63.4091     60.7169     97.1832     -331.187     350.549
-17.6311     -45.0449     65.8642     81.9463     59.7887     -54.8594     326.316     336.35
-36.5732     59.2561     -701.424     704.886     -63.283     -31.9024     -710.716     714.272
-28.7067     24.0699     -12.9732     40.0814     39.9564     58.1189     -33.3958     78.1367
16.5879     11.8767     42.8372     47.6026     17.566     -124.566     263.316     292.122
16.8151     -5.7754     58.7321     61.3974     33.3158     94.4358     66.2899     120.313
-27.5342     26.3585     -13.1979     40.5172     -58.2273     -32.3449     29.6326     73.122
-11.953     -6.60022     -27.9038     31.0903     66.7997     89.85     -213.441     241.106
31.329     -32.0464     -2.32235     45.2603     66.9677     71.0926     14.3002     99.0411
-13.0709     -21.3328     51.3118     57.2264     91.12     -48.8775     52.973     116.372
-24.9245     -30.8536     50.3399     64.4254     91.6552     -62.0194     118.68     162.487
-18.7929     -4.88554     -36.3378     41.3195     -74.4066     -20.0185     14.005     78.5473
-25.9846     -37.8448     77.7953     90.5026     30.4602     -63.8256     3.0264     70.8563
20.1271     -2.84147     244.391     245.252     14.7227     -93.5792     295.727     310.668
40.9949     21.6104     60.591     76.3787     -38.2377     82.567     70.7904     115.438
12.3342     -7.66238     114.001     114.939     -78.5698     97.6396     670.067     681.725
8.59505     -53.7414     181.064     189.142     81.5446     10.0854     178.829     196.935
19.0885     27.2124     -509.882     510.995     -63.0987     46.4547     -547.728     553.328
16.1373     7.76189     -43.624     47.5366     -110.034     50.1247     -348.885     369.327
3.71285     -14.8898     24.8461     29.2754     88.121     -38.4455     976.943     981.688
62.4053     6.10363     958.562     960.636     22.2903     -81.2729     884.946     888.971
-0.432636     61.0064     -67.6832     91.248     -79.727     6.31081     -72.9726     108.517
35.7953     -21.7813     22.0652     48.4499     66.5675     5.07993     -82.0735     105.899
35.571     46.1276     -128.085     140.871     -65.7719     56.7182     -206.966     224.639
13.2872     3.85304     5.30778     15.4452     -100.051     52.65     -111.412     158.882
-34.4076     8.54513     -10.3517     37.299     -43.4694     -80.2226     83.7492     124.035
46.0421     -0.228211     49.0813     67.4648     5.43007     84.9139     109.524     138.775
11.0215     3.42707     -7.11272     13.7642     20.7919     -116.791     -317.58     339.096
-18.3517     50.3857     49.5398     73.1739     62.868     56.183     217.296     233.171
0.44765     17.1111     -36.2041     40.1863     39.9781     84.4781     23.9604     96.8737
-59.6072     19.6858     -1010.62     1012.58     5.00768     62.6688     -596.49     599.841
-6.53592     -21.9206     0.263247     22.9908     42.0232     -40.4231     117.77     131.493
12.5725     13.933     5.34807     19.7862     -55.0779     11.5625     2.00658     57.1857
-19.2675     -3.81869     -36.82     41.8544     94.2524     -65.1356     -351.066     369.351
-14.3636     -44.7924     -258.897     263.216     -83.1431     30.1945     -759.442     764.6
52.292     30.0692     54.9694     81.7823     43.7294     -59.1401     40.864     84.3045
54.6543     12.126     0.312859     56.2397     1.34011     71.0609     -70.478     100.257
11.1504     24.1102     47.7316     54.7537     88.8257     -79.157     252.239     278.995
37.2132     -48.5303     -185.953     195.841     73.5336     34.9683     -155.975     176.038
15.7111     31.7603     41.8328     55.0518     64.2909     -35.3538     27.4916     78.4689
13.9877     7.60177     25.3763     30.1308     -35.4505     -115.134     102.474     158.334
35.1282     -61.7587     -34.1812     79.3759     67.3238     23.6524     -75.2094     103.838
-24.9143     1.51749     -35.9867     43.9912     3.51822     -112.697     -433.709     448.186
26.6453     -21.225     -222.392     225.026     74.4284     28.299     -120.791     144.854
41.9122     25.3056     -139.536     147.972     5.23277     62.7256     -30.2039     70.0352
-11.4461     3.39819     -5.19286     13.1207     117.775     18.6213     -190.967     225.295
12.5302     -39.5439     -406.495     408.628     -94.0817     -34.8721     -566.042     574.892
36.9713     26.9527     -125.59     133.954     -59.6787     89.7694     -349.444     365.766
30.2527     32.1341     25.1264     51.045     85.2098     -54.9278     161.377     190.765
