px(1)   py(1)   pz(1)   E(1)  px(2)   py(2)   pz(2)   E(2)
8.43875     -6.37906     -17.1979     20.197     24.2897     -19.4082     -47.4327     56.7144
31.5831     7.06928     -117.369     121.749     4.45349     -9.93261     -23.0246     25.4729
-9.67034     -5.87515     7.57306     13.6156     -9.99245     -5.92544     7.63068     13.8999
8.6998     25.4953     31.0029     41.0716     8.7821     14.3725     100.811     102.208
-11.27     -33.8228     39.0515     52.8774     -17.4435     -74.098     79.1475     109.814
-3.75989     -12.8936     11.1928     17.4832     -5.80958     -29.9686     27.8943     41.3517
-19.8805     24.1342     43.7184     53.7495     -17.5796     22.6124     36.0068     46.012
-37.9721     6.3742     -97.3118     104.652     -57.2984     14.0709     -143.79     155.424
-7.47561     68.0836     -91.2107     114.064     32.1192     7.28199     -57.675     66.4159
-14.1981     -10.9275     -10.3597     20.6964     -9.09122     57.2357     -20.7512     61.5564
-17.3719     -2.7279     41.79     45.339     -65.3604     -11.9002     175.172     187.347
17.323     -29.0041     -563.39     564.402     11.3292     4.53763     -138.52     139.057
36.2338     18.8644     79.3246     89.2253     -8.08694     13.2695     9.4872     18.2067
47.3153     16.9143     12.3135     51.7345     17.5878     6.02868     4.42829     19.1124
8.59703     -11.2277     24.3291     28.1403     59.3731     20.936     274.662     281.785
-3.86439     10.8026     56.7337     57.8843     -7.27074     20.6524     107.269     109.481
-42.6382     -54.8182     -181.906     194.713     -8.43456     -10.3423     -36.1319     38.521
34.7839     -5.82076     34.07     49.0364     11.6072     -1.56212     13.0125     17.5069
-12.3277     39.0365     -125.483     131.992     -3.02656     13.2765     -38.1051     40.4651
-10.9049     -42.1312     236.293     240.268     -1.86192     -10.5794     6.84367     12.7376
10.2721     1.625     -1.03464     10.4629     3.57037     13.4986     14.8057     20.3572
42.6654     46.7515     -3.26905     63.3777     -20.6801     13.0941     -18.3922     30.6169
11.9438     -18.7171     -121.716     123.725     1.35951     -20.7043     -588.432     588.798
17.8036     8.16646     57.7527     60.984     25.3638     11.6788     90.6881     94.8896
8.31081     -64.4906     107.47     125.61     0.0132922     -9.44111     15.306     17.9835
-7.57594     -19.2837     -4.00689     21.1024     -3.89758     -10.4642     -1.66999     11.3014
23.7479     -15.2867     148.088     150.757     5.82047     10.5488     53.0693     54.4198
-7.32529     3.50077     4.20282     9.14215     -25.4924     13.2456     11.6061     30.984
-42.3669     7.45569     -21.5185     48.0998     -21.2821     5.04189     -9.88871     24.0212
-11.146     -4.0042     -43.2005     44.7948     -21.0604     46.7632     -192.214     198.938
-15.349     -8.09269     104.012     105.449     -14.0507     -7.44546     95.0489     96.37
-19.3567     40.2039     -98.8202     108.427     -6.45639     13.9495     -34.8917     38.1307
-16.7009     -31.0465     68.3145     76.8746     -8.58051     -15.1528     34.5537     38.705
17.0274     45.8322     -144.308     152.366     23.2969     69.208     -198.819     211.806
-22.71     18.6013     -16.141     33.5041     -20.8022     17.3626     -15.3419     31.1378
-0.938053     38.8158     -248.542     251.557     -2.51041     17.5688     -114.977     116.338
-4.46019     30.2145     34.4673     46.0522     -2.89359     52.7542     59.3525     79.4613
-17.0435     -28.9382     2.40375     33.6701     -33.6965     -34.5862     -96.4485     107.861
-19.272     -12.8367     -118.247     120.493     -16.0316     4.99044     -16.2833     23.3894
-23.3203     -0.784946     5.75948     24.0338     -22.8818     45.4558     86.725     100.554
-50.7227     -24.0451     -16.5068     58.5101     -23.8997     -10.886     -8.58491     27.6297
26.8911     17.3267     -13.4792     34.7139     14.6224     7.16109     -5.27839     17.1231
-0.726522     -14.254     7.41522     16.0844     -0.821807     -29.8163     15.4713     33.6049
13.224     -5.37635     16.6958     21.9669     16.0536     -7.30613     20.0902     26.7345
-62.0092     -29.1687     56.537     88.8391     3.85078     -12.0485     21.8175     25.2194
-28.5566     32.1642     10.243     44.2148     -19.1118     21.1756     7.3745     29.4627
4.02734     -18.8856     -22.9136     29.9656     14.8293     -54.1215     -66.458     86.9812
33.3288     -7.1269     77.1286     84.3233     -1.24475     -26.1696     21.1336     33.6605
3.15593     -14.6816     -6.54619     16.3824     -29.9075     -27.3698     47.2492     62.2579
-21.1496     -8.15697     -174.051     175.521     -10.4168     6.44887     -23.4138     26.4254
11.1682     -6.26107     -50.0598     51.6713     -34.962     -68.4943     -173.607     189.877
-39.6946     -0.340219     -10.1793     40.9804     -12.9296     -1.5831     -2.15639     13.2035
-10.8452     66.601     256.469     265.197     -2.41277     15.3544     65.2423     67.0681
2.08778     -26.8282     114.686     117.8     0.287019     -15.1978     62.8341     64.6484
20.5243     27.5331     71.7709     79.5637     10.7258     14.886     40.2852     44.2666
37.0488     32.5373     -33.3495     59.5271     13.909     11.7486     -12.581     22.1506
-46.651     21.4197     41.8963     66.2602     -1.05046     15.5405     52.9438     55.1874
44.2541     -24.3502     80.2616     94.8329     30.1554     -19.7095     55.8178     66.4337
8.91825     46.0778     -202.367     207.738     -12.5443     7.25228     -21.9554     26.3225
31.3605     16.3204     -15.1458     38.4608     14.4611     8.89691     -6.32181     18.1242
-3.93212     -25.5872     190.852     192.599     -2.95709     -38.2642     270.577     273.285
26.9608     -43.3542     10.9923     52.2236     13.5839     -2.06142     33.7433     36.4333
-40.7145     22.5316     295.878     299.515     -20.4663     12.5775     142.828     144.834
-26.3549     -22.9164     -72.2214     80.2226     -38.7544     13.4221     -15.7203     43.9225
-2.4182     -12.058     -8.74601     15.099     -9.31476     -38.1462     -27.4664     47.9197
17.0251     16.37     -3.47299     23.8724     14.8353     13.3494     -2.25564     20.0848
-13.1984     -11.8736     11.192     20.9867     -11.952     -12.6476     12.2166     21.2621
6.01011     -15.2751     -105.236     106.513     11.3874     -27.6175     -191.991     194.301
41.3553     1.75773     -80.9232     90.8951     20.2209     2.37191     -39.3813     44.3328
-25.9054     0.0275954     6.68763     26.7547     -19.4362     21.1167     69.5444     75.2337
24.6832     -0.801208     -37.1643     44.6217     20.5564     -23.7086     7.6573     32.3001
-14.935     13.9561     -3.63708     20.7619     -20.5784     17.7689     -2.9798     27.3511
2.40108     11.541     53.1061     54.3987     5.307     30.3937     123.528     127.323
-20.1343     -13.5892     41.7681     48.318     11.77     -21.6414     70.5209     74.7016
8.73476     5.91521     22.4991     24.8495     -18.5317     30.8575     53.1707     64.2085
-22.1638     -43.5582     11.151     50.1288     -7.16661     -15.5519     2.89559     17.3739
30.905     -58.4523     -52.6412     84.5156     15.3533     -28.047     -23.3617     39.5996
-27.9967     45.0271     307.329     311.869     -15.3614     24.5476     170.416     172.858
3.79472     54.0066     -57.6841     79.1111     11.4052     0.959544     -5.92799     12.8895
-19.8354     17.0291     133.215     135.756     -1.07571     15.3714     15.5157     21.8677
-11.9698     -14.3419     11.3672     21.8729     -15.5466     -19.4125     15.0764     29.0833
-34.082     12.587     51.5555     63.0713     -25.8156     7.64071     39.6762     47.9483
1.90854     27.7268     -15.9387     32.0384     1.7053     34.8239     -18.7517     39.5884
-11.4075     12.0026     26.6763     31.4117     -9.62418     10.6794     24.0997     28.0622
38.2573     -40.4063     -111.789     124.873     7.89122     7.61038     -41.1024     42.5393
-8.39677     -49.6437     -63.694     81.1907     -4.7009     -32.5118     -40.5005     52.1503
11.4234     -7.10718     -20.9823     24.9428     39.578     -25.613     -69.2635     83.7847
39.1756     -23.0677     146.045     152.957     8.19683     7.20126     15.574     19.0157
-29.0988     -26.0888     -80.9895     89.9259     -14.4536     -10.0718     -37.1472     41.1128
5.02536     34.965     -61.8604     71.2356     0.892405     16.4212     -26.4529     31.1521
25.9655     34.1786     -457.327     459.337     18.4584     -16.3623     -208.138     209.595
-39.0672     30.7211     -9.83206     50.6626     -13.3666     10.7601     -3.00976     17.4468
52.5014     14.0324     -288.229     293.308     25.398     -51.2922     -211.331     218.945
11.9422     -3.59771     45.7366     47.4067     31.1691     -11.5414     115.1     119.803
13.1078     21.5575     -240.279     241.6     8.89614     13.1817     -150.665     151.502
-1.68203     9.96956     11.0466     14.9756     -1.85243     10.6746     12.4732     16.5221
-10.5279     -6.3084     -3.16806     12.6851     -56.2349     -36.7027     -11.7102     68.1659
-17.3009     -33.7573     -14.3612     40.5601     -8.9184     -4.72892     11.5561     15.3448
-17.2344     18.4779     35.2303     43.3547     -16.0035     18.7113     32.3931     40.6883
13.2599     -2.36015     16.8141     21.549     0.551796     -11.65     0.847648     11.6946
-17.6224     17.3416     27.0907     36.6767     -9.21916     8.94828     14.595     19.4447
-3.33691     -11.3953     0.768206     11.909     -5.27837     -23.5887     0.237893     24.1733
-8.36078     15.1386     62.9194     65.253     -17.6903     36.2693     131.453     137.507
8.63991     -16.6583     205.623     206.478     11.6137     -24.617     275.931     277.27
50.7421     17.1745     -106.813     119.494     8.45877     -24.663     -39.6579     47.4612
-17.6102     3.96255     -40.5755     44.4094     9.07575     66.1356     -125.749     142.369
19.5705     33.0142     -9.61977     39.5661     5.25032     9.01302     -2.85892     10.8562
3.29792     56.9999     705.268     707.575     -24.9623     6.5978     634.521     635.047
16.6863     32.2434     50.9697     62.5779     12.1589     1.02962     -1.53037     12.2988
36.2963     -22.2176     67.6245     79.9007     7.69065     6.71303     6.41273     12.0657
15.7499     -5.39395     -1.4783     16.7399     39.3348     -13.1658     -2.26077     41.5413
12.7798     11.8329     -43.427     46.7895     8.52608     7.28628     -25.2946     27.6695
24.9689     -44.8519     8.22254     51.988     17.057     -25.7519     6.89452     31.6486
28.0001     -11.5001     31.8275     43.9232     9.619     -15.5093     93.1101     94.8818
-10.7111     -43.4295     -118.775     126.919     -22.7478     -1.8103     -156.168     157.827
2.21634     29.5253     250.503     252.246     0.87567     10.0754     88.2273     88.8052
-23.0888     18.3322     -21.5808     36.5362     -18.6623     14.0634     -13.9297     27.2047
32.5372     4.26229     63.0795     71.1045     19.5088     -26.2224     11.269     34.5716
-22.6028     -1.33123     -27.836     35.8851     -51.1945     -0.773817     -62.0921     80.4792
-16.8017     -50.837     -148.996     158.324     -24.0037     4.42576     -34.9202     42.605
-65.3546     -12.4301     -961.446     963.744     -23.2939     -3.09617     -360.286     361.051
-22.2807     1.05632     -76.5388     79.7228     -24.4243     1.45282     -88.2511     91.5801
-10.6087     21.108     -111.349     113.828     17.3684     15.1209     -47.0161     52.3528
13.8718     54.3659     -181.193     189.681     20.2001     11.1019     -311.103     311.956
-12.2809     -9.22979     -21.8312     26.695     -20.8668     14.3204     -97.8397     101.06
21.0013     -52.6356     303.278     308.528     27.7401     7.05201     157.022     159.609
-22.5548     -16.1866     45.9961     53.7249     -9.18245     -7.25492     21.2486     24.2585
44.425     -34.5685     -136.679     147.817     17.5847     -12.5521     -50.9253     55.3188
-10.7346     7.68686     -6.67085     14.801     -28.1173     19.386     -18.6403     38.9083
37.1943     -57.0454     -9.97215     68.8261     10.3815     -14.795     -4.16981     18.549
38.365     -8.29039     28.132     48.2909     28.0513     -8.15136     20.7414     35.8263
18.6788     -26.7856     278.455     280.363     7.7725     -12.6308     131.99     132.821
-7.33637     6.87144     135.24     135.613     -30.4986     -29.8877     763.937     765.129
-21.2622     -10.4071     39.8448     46.3464     -10.4954     -28.5064     230.985     232.974
-8.93786     6.03025     -24.2649     26.5571     -39.6303     27.0926     -106.871     117.158
-24.8663     1.62277     -13.5036     28.3583     -0.832431     9.99185     -2.85257     10.4253
5.60646     -24.8021     126.522     129.052     -70.5629     -26.3086     457.129     463.291
-13.5598     29.2688     24.2671     40.3661     -6.07577     13.6466     9.15269     17.519
6.61026     -10.9709     33.1655     35.5529     43.138     29.4993     125.928     136.341
7.9903     9.82897     19.8097     23.5134     47.1452     60.4639     140.828     160.347
28.9945     16.5027     -51.4672     61.3342     13.9726     8.55679     -24.7146     29.6527
7.49584     -11.9136     -0.960275     14.1083     -28.4511     -61.711     73.4015     100.027
11.4567     56.4229     -707.5     709.838     4.43017     28.2842     -380.898     381.972
-15.2357     -5.8371     -2.37783     16.4883     -15.0461     -6.26641     -3.35996     16.649
-35.8938     -86.5877     -20.3329     95.9126     -13.796     7.3012     6.489     16.9043
39.6637     -64.7552     47.2186     89.4206     9.88014     -14.8466     11.3094     21.1173
61.4825     6.89892     165.864     177.027     23.4266     2.60852     60.2115     64.6609
13.5792     -3.17923     57.8041     59.4627     18.2911     -6.40611     81.3033     83.5814
6.45611     37.9221     42.9686     57.6721     27.8789     7.89436     89.4955     94.0691
-62.6998     -6.35987     168.835     180.213     3.57306     -10.9922     30.5774     32.689
10.5282     0.822176     1.93319     10.7366     15.3697     0.353678     4.25688     15.9522
-37.345     -42.728     -213.801     221.204     -12.7958     -13.7521     -66.919     69.5055
-13.7277     -20.2278     31.9845     40.2569     9.81395     -7.46749     31.2766     33.6202
-18.3893     7.81316     -0.207352     19.9817     -10.5278     3.86542     -0.367213     11.2218
-2.24397     -24.7058     -102.269     105.235     -1.2209     -13.0923     -46.122     47.96
-11.9676     -37.5893     -73.4645     83.3859     -13.5682     -41.056     -73.4115     85.1994
-20.2071     -44.8655     -107.527     118.251     -12.0012     -22.2788     -54.7981     60.359
51.1861     10.5881     4.97048     52.5055     24.0332     4.95819     0.854258     24.5546
-20.8598     -29.0014     -82.2056     89.6324     -6.64679     -9.06911     -24.0158     26.5177
-54.0857     11.9976     365.621     369.795     -1.02069     -11.2139     23.606     26.1709
-16.4503     25.8949     -39.2569     49.8223     -9.19517     14.5969     -22.2114     28.1286
51.9499     -1.61524     -12.309     53.4126     5.33289     -25.2793     -23.6378     35.0175
15.9026     18.1894     -144.685     146.688     8.95729     -6.05037     -41.4789     42.8671
-5.29978     -14.8025     13.0493     20.4329     2.24767     -40.099     -36.5574     54.3086
23.9458     27.9716     96.2905     103.091     15.2732     -11.7901     14.0661     23.8775
-18.3172     31.2975     -95.6161     102.262     -6.44993     8.87503     -27.5986     29.6993
-46.6129     -51.0915     -149.859     165.048     -6.48352     -7.72601     -24.9214     26.885
16.3103     -6.28736     -53.153     55.9535     -14.7806     -40.4035     -137.893     144.449
3.56217     -9.86734     -41.5166     42.8318     3.58917     -11.9631     -52.233     53.7137
23.3871     7.55073     -38.847     45.9681     24.0337     6.15092     -37.8841     45.2842
45.2515     7.402     -283.045     286.735     20.6122     4.33857     -131.376     133.055
-8.91083     7.5783     29.9923     32.193     -23.9491     21.1336     85.0265     90.8279
-13.3395     -35.6786     -80.6698     89.2106     11.576     -1.94726     -57.5597     58.7466
38.1537     19.3151     -3.11471     42.8774     -7.30599     11.7765     -0.0224723     13.8676
-42.8459     -40.3663     -130.246     142.931     -9.47307     -8.20005     -31.2129     33.6337
9.13743     -4.82118     -1.15118     10.3953     4.91533     33.2365     -43.9365     55.3104
-35.2719     83.6461     124.013     153.688     -1.40339     -12.4239     23.6992     26.7996
-3.92564     42.6019     -20.3135     47.36     31.7004     21.3806     35.4177     52.1197
-35.2179     9.76219     26.6662     45.2403     -44.6502     14.3863     35.4109     58.7753
4.03996     -10.694     81.4508     82.2545     7.71421     -24.7195     208.21     209.814
20.0715     -45.1554     82.3797     96.0641     4.33475     -10.7061     17.4598     20.9346
-44.8795     -2.56758     -79.8217     91.6093     -8.31421     -15.2593     -95.7474     97.3116
35.8532     40.7998     -68.5257     87.4406     14.7088     13.5858     -26.8779     33.5164
-40.8315     -22.3125     -46.7984     65.9935     -2.58453     -11.0591     -59.0856     60.1672
-3.04633     54.529     66.6956     86.2032     48.6662     3.38652     34.3022     59.6365
-37.9212     2.39797     22.5385     44.1786     -0.96587     -10.3218     -0.952138     10.4114
-0.30355     -35.8188     120.209     125.433     -4.93619     -14.2102     1.01538     15.0773
17.1821     -48.6745     117.659     128.484     6.54206     -19.6562     54.4814     58.2947
-26.5144     12.4449     -85.3731     90.2577     -14.6392     5.38881     -48.4254     50.876
-14.3734     -42.2433     62.5949     76.8714     -3.91359     -11.0848     16.2275     20.0442
-19.6021     1.31575     -288.174     288.844     -3.98243     -15.7026     -396.28     396.611
-24.998     7.56805     -43.333     50.5957     -17.0214     4.94751     -30.4637     35.249
-7.7822     22.2351     -12.1767     26.5189     -7.53956     9.21799     -49.905     51.3064
18.5082     -18.8209     -184.931     186.806     5.20124     -11.0101     -10.4822     16.0747
-14.9123     -17.8588     -1.9812     23.3503     -11.1852     -13.9982     -0.753991     17.934
-13.7312     32.1686     -236.06     238.637     -5.04641     13.2478     -98.648     99.6659
11.1292     -4.56895     -19.3589     22.798     35.6598     29.5854     0.966294     46.3449
8.75017     -14.0351     -0.435078     16.5451     -27.1705     -9.22425     -6.66     29.4564
16.0692     8.68166     106.99     108.538     -30.4376     30.0124     263.009     266.46
-8.39265     21.237     -41.2369     47.1374     -8.1253     16.3215     -29.4755     34.6586
6.14184     28.2248     20.7452     35.563     10.9412     14.1582     79.9602     81.9377
8.95097     -6.1036     75.4249     76.1991     -7.55549     -29.4971     65.6218     72.3438
-11.3228     2.63658     122.756     123.306     -23.4791     3.79783     247.141     248.283
-24.3171     6.34629     28.85     38.2613     -4.3655     11.8985     -3.92433     13.2685
-66.5296     34.6961     -9.13942     75.588     -8.48963     3.35299     -0.914001     9.17342
-41.8056     31.2188     -11.8058     53.4948     -26.5708     17.6342     -9.78262     33.3567
-31.5149     -4.4856     71.5386     78.3012     -61.5403     -5.99696     127.455     141.661
-4.00713     -70.9965     -2.92996     71.1699     19.4953     -2.07672     4.65038     20.1496
23.2006     -13.8986     -80.7851     85.192     25.3814     -7.39572     -3.69069     26.6933
-6.61878     10.1602     -9.86949     15.6425     -41.4243     -47.718     -86.2439     106.916
-27.5012     -13.1317     126.251     129.877     -16.7147     32.8006     186.806     190.399
-9.30143     49.6712     -108.967     120.115     -4.41623     20.8528     -46.6604     51.301
-40.0107     -7.73251     319.087     321.678     -7.2073     15.3172     323.092     323.536
-1.70727     38.9261     18.022     42.9296     34.9552     12.1177     -8.55877     37.9731
-21.3491     32.9845     -283.021     285.735     -17.0611     30.1704     -253.883     256.238
-67.5614     -36.5004     -48.4692     90.808     -7.79348     8.87873     -2.14212     12.0066
15.2451     3.86466     -47.1089     49.6648     76.4716     14.0288     -221.396     234.651
-44.5779     17.6005     -238.626     243.391     -6.78298     -12.4215     -144.629     145.321
-19.7354     7.26271     -37.467     42.9652     -54.2365     25.8559     -106.702     122.456
53.0074     31.5179     710.833     713.503     29.2365     14.574     363.132     364.598
-21.8096     13.4277     28.9984     38.6894     -24.8046     13.9116     33.2415     43.7469
43.6467     -33.8804     -399.507     403.31     -6.5509     -12.7079     -42.1959     44.5522
24.7336     -21.1711     31.3213     45.1773     21.6126     -18.1294     25.905     38.2995
4.42653     40.8137     -40.1259     57.4059     2.18524     34.2125     -36.6179     50.1611
33.9069     21.2579     44.0501     59.5145     -15.4563     27.9956     61.7267     69.5186
3.6459     -27.6573     -30.5017     41.3349     1.99075     -16.9164     -18.0207     24.8144
-4.15705     -31.1775     20.1483     37.3534     -10.0863     0.476385     14.7853     17.9112
-8.36593     25.544     -688.817     689.341     -12.9597     35.6978     -956.273     957.027
12.0823     -4.6639     -33.1059     35.5491     57.9491     -26.3951     -174.61     185.859
-23.3344     11.1882     15.3666     30.0966     40.7208     54.0587     47.7668     82.8383
5.38466     24.3241     49.0658     55.0282     14.991     56.3239     122.348     135.522
-42.3513     31.8865     7.77316     53.5799     4.49916     10.0626     13.6701     17.5674
-23.2334     9.54857     34.9847     43.0685     -8.90323     -35.3847     72.0593     80.7706
-3.08424     -13.0942     -2.04688     13.6074     -2.65071     -11.2744     -1.81125     11.7226
-9.48611     -34.6534     -295.756     297.931     -12.0608     -3.22885     -30.1669     32.6523
-37.9757     -8.29434     103.655     110.703     -9.49786     28.1659     65.2686     71.7183
-23.9599     -7.04013     -30.7448     39.6092     -11.2723     33.7827     -51.9478     62.9834
13.217     7.34293     -4.68686     15.8301     38.2212     -71.9428     26.6198     85.7044
-0.572896     -11.3023     12.7993     17.092     -4.11003     -31.8611     40.0841     51.3689
-11.3648     -0.658182     -21.0922     23.9733     -11.6565     -39.6548     -8.20105     42.1382
-19.4727     13.6217     -5.0896     24.3034     -55.0773     45.709     -12.9963     72.7443
47.082     -31.973     162.791     172.452     8.81338     5.06042     106.327     106.813
48.109     31.8974     34.7868     67.3947     13.6256     10.2222     9.22515     19.372
24.3471     -14.8862     113.225     116.766     8.54939     -5.22938     38.4693     39.7533
-25.3768     8.89178     -38.0451     46.5883     -14.1965     -34.2401     -121.065     126.613
-16.5514     12.8237     -36.4425     42.0292     -25.7136     17.403     -47.613     56.8423
-10.6423     6.84827     -18.0629     22.075     -55.2336     32.8484     -98.6185     117.709
8.67429     10.7059     -29.2307     32.3155     14.4458     15.7721     -48.6585     53.1516
-8.27083     -13.7946     13.3757     20.9191     -12.6902     -21.6066     17.5587     30.5973
-1.68547     12.0302     8.22111     14.6688     -7.8608     70.4253     39.0663     80.9178
-62.2702     2.46252     153.541     165.706     -2.88591     10.8008     65.4173     66.3657
4.04278     -24.24     -71.3326     75.4472     4.24355     -17.3764     -49.0122     52.1765
36.0589     15.375     755.424     756.441     19.2102     -3.17778     92.9023     94.9208
-84.6713     -6.11792     -181.875     200.711     10.1258     -3.09511     -23.7925     26.0421
-19.8874     -21.3714     49.4487     57.4231     -30.5611     22.918     36.1548     52.5964
63.6529     -8.3438     -382.997     388.34     -10.1127     -7.15848     -68.9121     70.0171
2.00985     11.2963     10.3558     15.4845     33.7283     2.0199     -3.13282     33.9337
-15.4464     35.0632     25.1873     45.8522     -19.8703     37.397     28.5611     51.0794
-21.8588     -27.0322     21.8769     41.0749     -15.8743     7.13562     -6.1879     18.4721
19.4965     -37.5911     160.592     166.082     7.27446     -10.615     48.2053     49.8934
3.3978     -34.0377     -20.6455     39.9544     2.36112     -12.5675     -8.35467     15.2827
-7.23197     -18.1619     -6.79631     20.6965     -13.4328     -30.0794     -9.74338     34.3532
12.0867     16.8742     17.5811     27.2019     5.74493     8.44559     9.35576     13.8521
-66.2021     16.1957     12.4971     69.2907     2.60954     11.7834     1.43513     12.1539
-30.6261     -14.7006     186.215     189.288     -15.9275     -8.5013     93.0948     94.8306
-80.1889     6.82254     -260.742     272.879     3.19455     13.2833     -12.7001     18.6533
-8.86235     -10.0973     102.08     102.961     -23.0487     27.979     191.596     194.995
-16.022     -2.25101     -48.5951     51.2178     -7.87843     50.9635     -57.3771     77.1458
57.7634     10.6465     -13.6023     60.2908     8.16632     -6.22164     15.3712     18.4844
46.4012     -17.9607     76.6069     91.347     12.6888     -5.9454     21.5713     25.7278
31.3259     -11.8911     -715.532     716.316     39.4651     -18.2831     -897.472     898.525
-3.65434     24.7796     41.6382     48.5914     -40.0266     14.9115     10.1637     43.9065
38.5954     -72.8413     9.91162     83.0284     5.80683     -9.67126     1.69769     11.4185
-20.008     16.6057     31.0309     40.4844     -13.1347     13.1518     20.0323     27.3277
-37.764     21.1243     61.6559     75.3247     -7.70319     -7.25431     48.3853     49.5288
23.2229     28.3812     54.2422     65.4753     -3.9318     9.77402     2.55249     10.8409
56.3723     3.23735     306.848     312     3.02635     13.3522     35.1388     37.7149
32.6881     -58.1696     352.059     358.326     4.48707     -9.68366     61.0426     61.9706
-10.7783     -6.34111     89.9752     90.8401     -23.5278     32.4924     117.508     124.167
-42.6534     -2.292     26.6325     50.3374     -14.7886     -0.539412     9.356     17.5332
-0.710123     -16.1619     -124.742     125.787     -2.81713     -38.9124     -311.723     314.156
-39.5868     6.73384     36.3025     54.1325     -3.44695     -10.9468     0.553426     11.4908
-0.812048     34.9649     72.7359     80.7076     -32.4014     21.02     256.704     259.593
35.2628     -57.0362     205.329     216.001     26.3036     13.3146     72.7492     78.4975
-21.9365     71.7894     58.2929     95.042     -18.1712     -6.34084     4.27857     19.7156
5.06771     -14.8337     11.6044     19.5034     6.04744     -17.4628     11.9715     22.019
36.5995     16.0414     -77.8981     87.5498     9.87157     4.81048     -22.6019     25.1284
11.8668     5.4539     41.6696     43.6683     3.28816     24.8481     12.3554     27.9445
-11.5922     3.17792     -223.743     224.068     -3.19393     9.52468     -48.9605     49.9805
-68.6427     -32.9021     30.3779     81.9585     -11.9059     -6.36699     5.65833     14.6398
10.4273     -4.30702     432.756     432.903     15.3922     16.9587     268.113     269.089
16.2754     12.127     -6.99558     21.4684     33.187     24.1917     -10.5672     42.4062
49.2984     73.072     -11.0426     88.8358     8.35864     16.3409     -2.36401     18.5063
-19.8694     -10.8802     -26.7203     35.0307     -0.757803     -12.6639     3.53168     13.169
13.7625     -59.0866     -51.4645     79.5565     4.73726     -16.2838     -15.8798     23.233
-25.982     0.376366     1.29751     26.0171     -5.84768     8.56929     15.8319     18.9282
19.7824     5.36858     -55.1614     58.8468     12.0982     3.3742     -28.4804     31.1269
0.733011     12.8444     13.7191     18.8077     -45.7889     10.0295     99.5585     110.041
3.75245     -15.3466     9.00501     18.1854     4.55566     -17.4761     8.58513     19.9968
-27.8677     -11.1194     7.803     31.0022     -17.608     -13.4624     74.4327     77.6628
22.552     10.7884     -80.7123     84.4953     -9.82136     9.69731     -103.658     104.573
7.56112     82.2792     469.619     476.832     1.64617     12.2857     72.9797     74.0266
11.2505     -19.3175     69.7404     73.2357     12.3371     -22.9898     81.0494     85.1469
-34.4569     -31.565     41.3491     62.3969     -9.35054     -9.47842     11.386     17.5261
-63.5638     -31.6269     -199.675     211.921     9.63285     -19.6648     -50.1572     54.7287
8.42346     2.66506     -5.48663     10.4     45.9151     13.1322     -34.0766     58.6674
-23.2871     -1.45372     -40.2652     46.537     -24.7471     -27.705     1.00441     37.1617
-12.0795     -3.43349     45.092     46.8083     -57.9171     -15.254     205.112     213.677
78.5745     -23.1282     -102.763     131.412     8.86168     11.0566     -59.8481     61.5026
7.36331     -23.399     -50.9088     56.5105     8.87689     -27.1111     -55.5451     62.4426
-13.2267     1.30562     -29.4473     32.3079     1.31582     52.1094     -245.375     250.85
-29.7311     -42.8333     17.9953     55.1585     9.60125     -7.00178     11.419     16.4804
-13.4442     30.31     -16.6749     37.1146     -23.0827     46.5073     -29.6481     59.7892
6.96444     -32.2813     -57.1149     65.9768     5.99196     -25.6072     -44.7927     51.9427
18.7433     10.4512     22.5269     31.1127     25.6892     53.4151     -41.6162     72.4225
-16.4443     65.0602     -45.7171     81.1991     -12.1113     -2.60547     1.75832     12.5225
30.3531     30.8471     14.1362     45.5268     -16.3801     31.3824     -15.9082     38.8102
-37.5769     -49.1894     -157.137     168.89     5.2884     -12.0726     -116.117     116.863
44.7227     -8.3986     210.157     215.027     40.8239     -4.91125     181.049     185.659
36.043     33.7372     -0.0142222     49.3691     -7.91129     25.4424     24.3782     36.1137
-33.5872     9.25144     -247.142     249.585     -7.70537     47.1088     -109.22     119.195
24.7013     -19.5482     -115.462     119.682     8.44131     -6.34705     -38.9176     40.3361
-29.8873     -35.675     -21.9207     51.4439     -9.11017     -9.82809     -6.62576     14.9495
26.3573     -26.8142     40.3999     55.1894     8.12603     -9.18741     14.0626     18.6606
-31.9481     23.6304     -83.4916     92.4657     -13.7342     9.61524     -36.4231     40.0995
-22.8006     17.6121     -32.4797     43.4192     -51.3798     37.4681     -70.6616     95.0621
-49.5914     28.6938     -116.683     129.991     -16.4265     9.3551     -40.6388     44.823
-11.6687     47.0505     3.99289     48.64     -3.59757     14.434     -0.169301     14.8848
12.3089     1.60797     -94.9232     95.7327     23.3348     2.38978     -173.339     174.919
3.77797     -28.1285     369.832     370.919     28.8221     -3.22721     153.687     156.399
-32.6486     -12.321     -3.08163     35.0354     -40.4645     -14.1984     -2.19056     42.942
29.0037     -9.04188     -71.8644     78.0222     23.724     -9.24936     -56.2789     61.7713
23.787     -15.2166     -25.1834     37.8393     -6.21395     -8.28762     -4.80334     11.4188
15.3223     -51.5427     -262.423     267.876     6.94874     -21.6855     -107.328     109.717
-14.9476     66.1978     193.353     204.917     13.4754     9.17235     9.16673     18.7081
-6.40194     32.777     19.8304     38.8402     15.3163     2.08128     14.6641     21.3062
30.4287     19.302     41.2474     54.7707     12.5843     8.54702     16.1773     22.2068
7.88607     -30.4554     -211.938     214.261     4.09469     -18.7185     -124.791     126.257
14.2016     26.9698     117.471     121.361     8.36226     15.9567     67.7825     70.142
-10.1369     4.44982     -74.172     74.9937     15.7317     34.6445     -75.5311     84.5735
-47.3687     -16.9079     -73.7274     89.2491     -9.01367     -5.47609     -87.8821     88.5127
13.7418     28.6572     84.4196     90.2039     -20.8517     15.5197     86.4659     90.2884
25.0246     7.47712     15.386     30.3129     23.2271     -43.2818     44.5765     66.3316
-37.1969     -7.54779     69.6076     79.283     -10.2895     -22.8813     6.82374     25.9998
-8.13689     -9.57532     11.5047     17.044     -20.5556     -25.3504     29.8268     44.2133
-23.4273     3.83128     23.5068     33.4079     -66.2341     15.0707     69.433     97.1341
10.4827     1.53979     -16.7367     19.8089     -39.1323     -89.5805     10.6727     98.3357
20.6379     -3.41991     128.776     130.464     2.89322     30.0991     226.722     228.729
-10.2614     -3.43234     -85.2041     85.8883     -27.4852     4.04923     -44.973     52.8621
-28.2959     -58.4033     -165.079     177.377     -4.64398     -11.0963     -32.2062     34.3795
14.9318     3.188     -54.7447     56.834     82.4603     15.2616     -328.587     339.119
-34.8926     -1.34336     -78.1806     85.6243     -6.56919     16.1463     -104.469     105.917
9.49054     11.1319     35.1524     38.0746     25.7172     -27.4357     133.56     138.753
-8.33862     -9.44943     -18.4401     22.3352     -32.4588     -28.703     -68.2048     80.8043
-47.903     -18.0388     47.0856     69.5496     3.25722     -13.9065     36.68     39.3627
21.8053     -7.9813     -49.2248     54.4266     -21.9448     -67.7685     -413.673     419.762
8.37427     -16.7726     24.8432     31.1232     -4.71524     -10.1265     60.7009     61.7222
-34.3751     25.4302     -372.733     375.177     -18.7553     -22.8132     -302.497     303.935
12.4336     22.1431     -42.4878     49.4987     10.2113     -4.2025     -28.9755     31.0085
59.1864     26.3195     172.158     183.941     -6.58284     7.63006     94.4675     95.0034
-74.8985     -12.6348     -330.179     338.803     -4.84058     10.7989     -6.7819     13.6404
-9.84944     -5.24229     50.8418     52.0519     -47.6349     -26.4145     230.495     236.843
-21.376     -9.86396     4.16473     23.9127     -15.1858     -6.91657     2.50073     16.8731
9.45574     66.9914     -159.848     173.576     0.734421     12.8954     -25.6465     28.7154
-39.8407     -14.5918     195.836     200.38     6.51795     -55.8285     123.475     135.666
10.3555     -5.65793     -0.13831     11.8385     60.1779     -32.6895     0.665266     68.4867
15.5379     35.0301     -303.003     305.416     15.2014     40.1966     -367.013     369.521
19.1673     -40.0456     32.7414     55.1638     11.7219     6.76338     3.91654     14.0885
-2.99602     -33.5843     6.157     34.2752     -1.55212     -21.9132     4.88344     22.5043
41.8678     1.44224     123.145     130.076     4.91504     25.4019     145.848     148.126
-27.4707     4.13323     -8.19059     28.9664     -25.3545     2.38192     -6.48835     26.2797
-31.7279     -46.3531     -14.7798     58.0836     8.70456     -5.09809     -8.79506     13.3833
-2.75321     17.0489     -17.3183     24.4575     27.2789     13.7397     -94.5152     99.3279
-11.9002     33.4487     -66.8008     75.649     -27.9328     65.043     -138.854     155.856
17.7316     -3.27209     407.985     408.384     9.56632     -5.45328     51.913     53.0682
-11.4721     1.69743     -32.6658     34.6633     -36.1311     -12.2592     -555.623     556.931
54.2824     21.6546     -193.487     202.121     10.5556     -24.956     -80.7376     85.1633
39.4534     30.1582     -6.73644     50.1145     -7.34125     10.242     -4.76589     13.4816
-10.5339     0.884493     -47.5664     48.7269     -58.8317     9.48973     -294.635     300.601
7.5036     7.04838     13.9663     17.376     16.9328     14.8888     30.6149     38.0219
42.5882     -26.7961     -180.089     186.987     -10.3222     -9.59561     -79.7094     80.9458
-34.0304     -7.27166     119.3     124.271     -8.48688     7.42985     1.78852     11.4312
10.4949     4.29021     103.653     104.271     11.4881     6.57037     17.2757     21.7627
-0.775818     39.2524     18.5071     43.4035     -0.520883     15.7006     7.59186     17.4545
26.4971     23.8997     -80.1922     87.7729     29.2239     28.1815     -95.6744     103.932
-21.1872     -3.65841     2.38089     21.6322     -36.6188     -5.3008     6.62453     37.5888
12.8697     39.7176     -93.1423     102.072     10.5007     26.3094     -63.5569     69.5839
20.9529     10.7214     -157.54     159.288     23.8327     3.41691     -29.5404     38.1092
22.2206     -2.31131     19.1012     29.3933     6.52069     26.1571     44.0062     51.6068
-18.8957     44.4058     -61.4098     78.1032     -4.60968     13.1023     -16.4217     21.5084
48.9437     -3.80711     -77.6185     91.8402     5.92628     -19.1663     -83.273     85.6554
64.3923     -31.9317     468.317     473.8     1.18425     10.1165     96.7837     97.3182
35.3003     80.7289     -6.93539     88.382     10.8922     -4.41028     -18.1529     21.6245
5.23438     22.4544     136.691     138.622     2.79406     16.5679     98.0924     99.5222
32.8799     -5.34173     -113.863     118.636     11.7709     -0.499177     -41.3071     42.9546
88.1737     -14.7578     -32.9589     95.2821     15.1699     -3.4557     -6.44292     16.866
-21.9082     -57.7339     63.4415     88.5324     -8.56358     -23.4     27.4651     37.084
18.1786     15.6787     -144.007     145.994     35.1778     27.5923     -269.996     273.672
10.3849     14.4114     -6.39877     18.8872     11.4595     17.5536     -6.96348     22.095
-25.0793     32.529     204.695     208.775     -6.92422     8.03655     50.6493     51.7485
35.3598     -31.6833     -68.4764     83.3256     27.9661     -28.7734     -52.6951     66.2328
12.6354     1.44461     -30.1117     32.6872     1.1804     -10.7201     -22.7605     25.1864
1.67839     -11.0607     7.97748     13.741     0.866945     -10.7842     8.53568     13.7815
-4.19076     53.5764     32.9047     63.0136     -0.612901     25.7025     13.7115     29.1376
-23.8093     -24.1998     -19.8806     39.3415     -13.7962     -11.4769     -8.94905     20.0534
-49.3628     31.902     456.72     460.486     -29.5936     -33.4304     215.336     219.916
-5.05326     28.287     105.563     109.404     -25.6957     2.1958     181.125     182.952
-19.8987     -18.6089     38.681     47.3124     -13.257     -13.8331     22.4088     29.4832
-33.2889     -3.98052     16.6966     37.4536     -17.5236     -2.03634     8.69829     19.6694
-12.4092     -8.2458     94.8792     96.042     -33.8381     33.7175     119.485     128.68
-4.91218     -18.0629     -258.095     258.773     45.3345     -4.37787     -521.52     523.505
-11.3896     -5.77074     -60.974     62.3035     -22.9417     -12.6597     -121.392     124.188
-16.9944     -5.8057     -39.3206     43.2276     -60.3726     -25.5753     -126.787     142.738
-17.1724     -7.51279     341.433     341.947     -8.74954     -36.0886     161.248     165.469
18.9256     -44.6303     -81.3142     94.668     11.0715     -24.5385     -48.8329     55.7617
14.4017     -3.24629     -10.9241     18.3653     37.4196     -6.36476     -34.0178     50.9701
-28.3068     -58.7124     -280.958     288.419     13.2432     -1.71019     -39.128     41.3468
-9.63589     9.10438     -340.708     340.965     -52.0162     3.8157     -275.235     280.133
-6.07049     9.9896     45.9215     47.3862     -45.4603     8.11595     636.82     638.492
27.7426     9.95428     -39.4764     49.266     29.9583     11.3847     -41.4534     52.3975
40.4131     -24.186     41.7081     62.9106     14.8604     -8.84235     18.0753     25.0147
44.0799     6.28443     213.529     218.122     60.8106     6.95867     275.268     281.991
25.0315     -2.3692     0.579734     25.15     8.07911     -14.7254     -22.4848     28.0656
-34.7419     68.3584     -22.314     79.8611     -8.44892     -6.58202     -15.9189     19.1869
-10.2451     -25.0278     -65.8623     71.1983     10.3954     -4.48795     -45.3995     46.7902
-6.04461     -68.5138     44.5515     81.9482     -1.28397     -21.9596     14.0977     26.1439
-18.1534     -14.5928     -46.698     52.1843     -32.6309     5.41156     -264.514     266.574
-31.5623     11.1036     -394.25     395.668     -13.7896     5.56359     -178.668     179.287
-26.1882     4.54925     -16.2055     31.131     -9.87864     3.77565     -54.0303     55.0557
-23.8972     17.7156     -134.869     138.111     -22.7064     14.4067     -115.811     118.892
16.6181     -12.2766     -9.65726     22.8065     34.264     -24.7388     -19.6151     46.5943
-8.6407     20.5439     -31.2796     38.4077     10.6389     14.7025     0.212104     18.1492
-36.1929     7.07186     -92.747     99.8096     -0.333419     25.8571     -140.949     143.301
-1.25591     44.5007     -35.3306     56.8343     -1.14559     18.0282     -12.1773     21.7862
-22.9872     4.61472     -80.8349     84.1665     -13.3369     2.40587     -44.8036     46.8084
-22.0281     -15.2171     128.313     131.077     -7.08454     9.11992     67.0218     68.0094
36.742     18.506     -38.2231     56.1556     35.5448     20.9654     -40.01     57.4785
-3.69819     -18.4971     -124.873     126.29     -50.8599     3.71103     -307.404     311.606
44.9976     7.84625     693.442     694.945     1.15865     30.0783     289.228     290.79
4.32669     27.4707     -44.6979     52.6427     5.46787     28.6374     -49.5481     57.4892
-12.48     -26.203     16.7448     33.5076     -6.67994     -15.3179     10.2593     19.609
9.82249     28.26     13.3907     32.7784     7.02775     22.3604     8.16895     24.8215
-6.72827     -39.1845     -187.823     191.985     -13.1094     -54.5553     -250.104     256.321
-4.04423     -15.7578     22.0915     27.4353     22.5418     -37.4615     324.807     327.736
0.736003     27.5694     31.9016     42.1702     1.15392     16.1716     19.1676     25.1051
8.93435     7.56933     -86.4169     87.2066     20.4482     18.2974     -224.646     226.318
-16.5642     -4.31014     -62.0148     64.3353     -55.0517     -14.8915     -198.017     206.066
-32.6103     -16.0307     -16.0834     39.738     -17.6081     -8.6389     -8.77294     21.4915
-14.9031     -26.9722     304.562     306.117     -10.2418     -5.88165     20.4262     23.5953
-36.6003     -33.0797     50.0916     70.3066     -21.901     -18.1533     27.5522     39.6051
-27.7674     22.5021     2.15551     35.8053     -42.6087     -26.9813     62.5307     80.3341
-12.8145     3.22912     8.43415     15.6772     -12.4048     -37.6499     16.4833     42.9312
-9.96332     55.6813     -316.582     321.596     -6.4496     25.4202     -143.411     145.789
26.2136     -5.68535     8.38858     28.1042     43.0662     -10.4974     11.053     45.687
3.09694     -6.92668     -17.7755     19.3271     26.8982     -84.9618     -197.351     216.539
-13.5739     -4.72509     63.8705     65.4676     30.0065     -60.3307     347.985     354.448
-14.0565     0.813251     11.9229     18.4503     -9.9712     -25.8175     57.5985     63.9027
-28.1441     35.8146     336.036     339.109     -23.0739     31.6772     262.307     265.218
-18.1366     -17.2124     67.3374     71.83     -35.5998     22.0645     178.897     183.734
-11.6897     2.99624     -20.5819     23.8588     -26.6137     38.6267     -372.587     375.528
12.1989     -20.3108     -13.442     27.2402     5.80915     -12.5983     -8.6597     16.3546
-50.7208     37.775     -102.227     120.208     -9.95676     5.41015     -17.5799     20.9214
6.29198     10.8515     7.87724     14.812     -3.26965     27.9727     108.45     112.047
-15.8939     12.0691     -257.931     258.702     -8.18135     6.54943     -139.489     139.882
-17.746     -35.2758     -186.572     190.705     -7.79865     -12.6082     -67.7584     69.3613
37.3834     13.9293     -294.876     297.563     -5.16739     21.9555     -139.82     141.627
6.11974     10.2442     -25.3057     27.9781     46.5872     -13.9952     -232.537     237.57
27.043     -8.30862     14.7948     31.9256     1.79374     -10.0716     24.4295     26.4854
27.8814     26.4348     -66.648     76.9294     7.4645     8.35602     -18.2349     21.4022
7.47245     -36.4802     -50.075     62.4032     2.08847     -13.3101     -20.6774     24.6795
8.60695     -12.6047     83.8553     85.2382     26.4103     -42.0438     268.236     272.792
-17.2075     1.18954     163.917     164.822     -31.0819     1.55477     286.583     288.268
-30.715     39.8904     -239.612     244.844     -22.4905     27.8796     -183.823     187.281
10.9526     -1.29867     8.97856     14.2218     88.5808     -8.9464     82.2656     121.22
37.8385     -14.5468     -99.6264     107.558     20.5173     34.228     -80.5667     89.9083
33.9838     51.1687     76.4359     98.0591     -27.4356     22.4833     44.736     57.0922
18.2954     -36.9933     73.0255     83.8805     10.2451     -17.4785     35.0214     40.4593
-2.77622     10.045     -23.2678     25.4951     84.5993     5.70053     -478.111     485.572
-7.0319     10.6658     -28.6649     31.3829     37.3493     55.1492     5.25286     66.8131
0.497369     36.9557     -266.372     268.924     10.9093     6.24458     -22.1752     25.4901
13.4132     68.5962     340.414     347.515     4.0326     18.8301     86.7833     88.8992
27.9928     -5.88173     141.71     144.568     -2.14983     -25.9983     90.021     93.7247
32.7032     -1.68143     177.084     180.087     30.0066     -0.356977     156.571     159.421
-15.8523     -25.5529     85.2368     90.3856     -19.6645     -29.8417     114.724     120.162
-39.1793     45.1401     37.1435     70.3724     9.7483     11.4124     -5.53037     16.0231
9.78475     -3.88026     -7.95685     13.2043     23.1259     69.8524     -42.0988     84.7731
14.6172     1.75871     15.3942     21.3011     23.6621     1.00057     24.5302     34.0973
-35.4503     26.5242     -133.73     140.869     -14.0993     9.95768     -52.0367     54.8329
9.45291     -12.8626     55.2759     57.5346     -7.41181     -10.2263     18.7307     22.5914
-7.06958     -8.12908     -15.171     18.6306     38.0461     -36.8482     -12.2902     54.3723
-38.646     24.3948     19.9776     49.8771     -23.8178     17.2829     13.2338     32.2663
-4.81033     -23.1908     65.8531     69.9827     -42.3653     6.56644     109.373     117.475
14.7376     14.2975     -219.352     220.311     0.404882     11.0541     -26.6384     28.8441
26.9585     -20.3107     63.7123     72.1011     11.4389     -8.57707     26.5072     30.1175
-31.6032     2.23575     -147.281     150.65     -0.872581     13.9677     -70.0585     71.4426
-18.0079     8.84254     -6.45813     21.0757     18.7996     40.1603     -28.1986     52.5493
-43.051     24.5797     565.875     568.042     -10.2597     6.88018     134.136     134.704
39.9877     -6.81116     267.151     270.213     13.5836     -2.70278     93.1401     94.1643
21.2495     -10.1416     4.01941     23.8866     20.7815     16.1328     -34.4592     43.3541
-36.1893     16.3497     -37.647     54.72     -21.9328     10.4571     -23.0743     33.5122
-45.3943     14.8326     203.484     209.013     6.9313     33.8851     214.728     217.496
-56.8771     25.342     65.1384     90.1123     -8.2429     -15.943     22.1541     28.5119
2.54121     30.1495     -643.187     643.898     -33.659     24.6332     -262.754     266.044
33.5868     10.3559     -24.6455     42.9269     21.6678     -1.24656     20.634     29.9467
8.23615     -35.9875     2.98773     37.0387     -28.8968     -10.0199     -13.9676     33.6232
34.6974     -24.0226     -49.6327     65.1491     -5.62823     -20.6448     -10.6197     23.8888
6.03678     10.7111     103.46     104.188     -0.806045     62.6198     69.4699     93.5305
5.73273     -8.67762     -69.7488     70.5216     30.5741     16.7493     -159.134     162.907
-26.944     10.9137     -16.5858     33.4691     8.8163     48.3504     -52.8146     72.1448
18.3255     8.25276     -9.04212     22.044     25.9907     -14.552     23.6216     38.0166
-12.1684     -46.1998     95.0249     106.359     -3.33262     -10.5286     20.6351     23.4096
-44.9059     -25.3382     -98.4322     111.119     -20.7613     18.8673     -126.388     129.464
2.3657     10.792     -2.39202     11.3042     -4.48895     34.3954     -119.98     124.893
-7.4001     22.9945     21.6446     32.4481     -29.5904     2.90277     92.1144     96.794
-49.254     20.8555     -9.3153     54.2926     -7.71906     3.74213     -0.864562     8.62177
-37.0789     -5.66024     121.908     127.548     -43.5562     -7.85438     135.246     142.304
7.88599     23.6921     103.648     106.613     5.74125     18.5309     82.2459     84.5029
-12.8555     -2.25183     8.01622     15.3165     -15.7961     -2.72629     9.93053     18.8569
27.9252     -2.7383     -65.5452     71.2986     5.66396     -21.4924     -137.199     138.988
-34.2799     -8.55059     12.4015     37.4436     -25.9554     -3.11952     9.10175     27.6813
-12.4498     1.67692     98.9053     99.7043     -31.5606     -24.64     65.0986     76.4266
-6.27289     8.32336     33.8141     35.3841     48.7856     20.9375     45.0246     69.6105
-7.19569     10.6009     99.0471     99.8724     -6.89997     10.4548     97.0623     97.8674
20.0995     47.6492     102.964     115.221     45.2602     -14.9574     183.053     189.158
-31.4746     5.62373     -2.30123     32.0558     -15.5518     2.10444     0.440282     15.6997
-7.16013     10.7319     -19.2109     23.1409     -7.45748     11.0304     -20.9012     24.7819
2.43421     -29.7783     -66.8008     73.1796     0.512771     -13.6311     -31.1299     33.9873
-4.35232     -9.87332     151.186     151.57     47.9545     -26.0069     1105.16     1106.51
-16.4512     -39.5639     17.9019     46.4373     -7.09899     -17.7871     9.24659     21.2668
17.3025     -27.9154     -40.6037     52.226     -15.584     -12.5249     -11.7436     23.1926
-29.774     46.3177     36.0563     65.8171     -9.19957     -4.29645     -7.42641     12.5802
23.0127     33.5286     8.47456     41.54     20.7836     27.7747     6.9223     35.3742
-60.2119     -14.0137     -31.1643     69.232     -16.3815     -4.81137     -8.94769     19.276
-2.41489     -12.052     24.2837     27.2176     -6.14915     -31.3451     66.0454     73.3643
-10.9715     47.9989     288.383     292.556     -3.50196     11.5643     74.4964     75.4701
-24.7297     -21.3777     265.082     267.09     -8.1537     -6.7356     79.081     79.7852
8.16229     16.9259     63.7978     66.5076     12.7489     27.0676     106.73     110.845
19.1521     -4.4667     236.537     237.353     17.029     -4.10631     219.749     220.448
-28.2341     20.9418     69.3358     77.7379     -31.3483     21.5797     72.7713     82.1276
16.2017     -4.30546     -62.1917     64.4115     -4.65246     -20.3023     -129.377     131.044
24.5591     23.7713     11.8759     36.1837     45.413     -34.3907     -21.3341     60.8293
39.7476     51.3033     -10.201     65.696     16.0595     -4.04446     -27.6782     32.2547
10.3147     27.5313     -212.078     214.106     -18.7128     8.50444     -227.621     228.547
15.1819     -43.4689     -155.791     162.453     15.2696     0.140397     -22.9065     27.5297
28.9885     31.8595     -220.066     224.242     43.8331     -32.1361     -283.69     288.849
49.7103     -26.9647     -275.744     281.483     6.31952     8.99703     -57.6669     58.7057
-45.7868     55.0267     76.8542     105.028     -8.55891     -10.2034     10.7819     17.1358
10.9385     26.4005     -1.06067     28.5965     47.5607     -2.54898     53.6139     71.7145
-14.5433     -14.1412     25.3815     32.4918     -11.4384     -11.1291     18.4659     24.407
5.84653     29.5695     -62.1683     69.09     26.4212     -0.853795     -40.0022     47.9478
6.9234     10.2698     56.3477     57.693     36.3327     53.0284     315.466     321.948
26.5762     -19.6846     78.7346     85.3985     37.6392     -25.6703     113.282     122.1
-18.7044     84.7095     -38.5311     94.9221     11.5298     5.59614     -22.3569     25.7746
-8.35799     8.42114     -28.164     30.5611     -35.8982     -11.6355     -6.31258     38.2611
22.1766     -8.28591     -36.0406     43.1206     29.9143     -9.99034     -45.7815     55.5933
-10.1946     -14.6732     91.9909     93.7101     -22.1471     -28.4371     175.178     178.848
69.2565     -14.1019     225.862     236.662     20.0712     -2.58328     70.8012     73.6365
-2.71085     39.5465     88.2255     96.7213     -1.61842     14.4309     31.9337     35.0839
-60.9851     16.2286     11.2707     64.106     -2.17601     -11.1227     3.97197     12.0094
-1.54348     -49.1696     119.203     128.955     0.497491     -10.7798     -0.0805283     10.7925
9.35013     -22.7207     -383.57     384.356     8.05391     -18.6904     -316.83     317.484
-9.98398     1.20849     6.45247     11.9493     -11.8608     1.10997     7.16212     13.8999
1.99224     -13.7608     119.208     120.017     0.598098     -12.4194     104.389     105.128
23.8498     -3.63864     -243.145     244.339     4.66339     10.6608     -58.4046     59.5546
-44.1874     -20.1299     123.542     132.742     -7.35541     9.48862     7.80452     14.3198
-25.8316     6.98931     -457.078     457.86     7.39565     41.6419     -390.548     392.831
49.2899     2.539     -20.4767     53.4344     12.6355     1.19669     -5.8391     13.9795
33.0925     15.8373     -19.0622     41.3437     26.4962     -24.1605     -96.3095     102.768
-4.49208     32.4942     68.8776     76.2901     -0.794994     15.4404     29.7811     33.5552
49.8589     3.11948     -144.133     152.545     0.899326     -12.9343     -10.0933     16.4311
48.7715     -51.6877     43.4621     83.302     -20.0099     -13.7281     -0.957683     24.2856
44.0467     26.2147     -270.043     274.864     11.9993     6.62226     -66.2465     67.6495
6.11545     -14.0852     -64.7371     66.5334     3.99786     -9.69347     -46.0134     47.193
-26.085     5.22911     -217.83     219.448     -4.79008     -16.478     -122.849     124.042
-3.4411     -25.0989     -29.205     38.6618     -2.27753     -12.6921     -13.7725     18.8674
-5.86825     37.0964     -221.266     224.431     8.01899     8.92873     -247.628     247.919
-3.46989     15.3404     5.68826     16.7253     -2.54181     15.6974     8.53327     18.0474
-50.5942     -25.7223     71.4579     91.2559     -10.0097     -6.44333     15.8028     19.7848
0.0839999     10.1561     11.1478     15.0814     0.751407     14.5557     16.1808     21.7778
-42.7632     -5.45184     -52.2427     67.7327     -17.3887     -2.28275     -22.0223     28.1568
7.46699     -8.65993     62.2632     63.3045     7.6075     -6.92403     59.6584     60.5389
6.21081     11.9985     23.9546     27.502     31.6987     -55.5568     65.7954     91.7627
24.8032     1.97675     -77.9121     81.7889     32.6789     2.77756     -100.467     105.685
-5.41096     -13.1204     3.95809     14.734     -5.73581     -13.6441     6.64086     16.2228
11.635     -19.4822     -89.369     92.2049     9.68152     -14.4217     -63.4628     65.797
-21.0407     6.1279     42.5273     47.8417     -10.9964     -3.96792     0.16123     11.6923
-14.2014     -4.27981     -7.14006     16.4614     -19.7495     59.6483     -9.68429     63.5748
-41.1298     -13.172     -44.4673     61.9879     -18.669     9.98886     -91.2623     93.6863
-52.3812     22.9291     153.023     163.357     10.7676     34.8152     64.9581     74.4822
0.594821     45.0874     -737.032     738.41     10.7535     1.87435     -97.2693     97.8811
15.7936     -3.08099     -93.1045     94.4849     6.44659     39.4917     -120.443     126.916
29.4064     13.8581     -28.1826     43.0237     22.4479     10.4634     -18.5418     30.9385
-42.2944     7.80069     23.969     49.236     -27.6861     4.84845     15.1107     31.9256
9.63352     8.61396     35.9997     38.2604     40.4747     35.3393     144.937     154.576
-5.99443     -11.8055     6.73499     14.8547     -18.8708     -41.8124     20.1226     50.0929
7.65996     15.3785     26.7436     31.787     13.3165     -4.95641     17.2413     22.3418
-10.3203     25.5497     0.284725     27.5568     -4.17812     9.95042     -27.8414     29.8598
-38.3619     6.1441     -130.909     136.552     -27.4866     2.10573     -95.4984     99.3977
5.45732     -39.0411     -215.756     219.328     10.357     -44.6855     -257.742     261.791
-24.8942     10.8934     94.2782     98.1161     -13.4032     5.21036     49.289     51.3525
-38.2854     -15.5193     -7.08645     41.9147     -14.2035     -6.09252     -2.51035     15.6857
13.4766     11.1238     2.32747     17.6358     30.5404     23.3438     6.51104     38.9877
-35.2539     2.4271     212.394     215.313     -3.29787     29.6133     323.87     325.238
-46.406     34.085     -83.4375     101.376     5.75843     15.1265     -75.3723     77.0905
-2.69707     16.7473     1.56035     17.0352     34.5674     27.8371     75.2306     87.3467
10.1629     4.58647     -16.211     19.6758     28.124     11.2936     -40.7417     50.7778
35.2636     -44.1666     -165.374     174.765     7.34072     -10.0113     -40.8446     42.6895
-17.0296     24.4676     -184.877     187.265     -4.17802     9.37813     -62.9473     63.781
-9.51727     21.2346     99.9816     102.654     -11.8741     3.81172     160.555     161.04
-5.66929     -25.2426     -2.30365     25.9738     34.8363     -15.1319     -29.0591     47.8223
-25.6134     8.26028     -309.196     310.365     -2.87067     10.9221     -33.0603     34.9359
18.0531     -7.26924     207.392     208.303     23.5825     -5.90534     279.695     280.75
0.757392     29.3324     -15.2719     33.0786     4.35585     45.8537     -24.6187     52.2289
12.133     -8.68162     -9.39584     17.6318     13.1464     -8.65104     -10.0644     18.6805
-31.1627     29.3903     -191.097     195.839     -14.6856     12.0708     -85.0314     87.1319
4.93739     -9.24279     27.5216     29.4533     22.6329     10.1424     21.6461     32.9194
-9.96785     6.763     46.3064     47.8476     -8.71783     6.45169     40.6233     42.0461
2.83112     15.0357     -25.2708     29.5419     2.41425     9.90673     -17.4835     20.2402
-1.1353     -10.5688     -16.1039     19.2957     60.2266     -2.84734     -53.5034     80.6099
-8.6143     -7.56186     1.81988     11.606     -9.51103     -7.77443     0.709914     12.3055
24.3651     33.3748     285.774     288.746     8.02207     -6.40337     37.1672     38.5587
31.9147     -16.9709     102.058     108.27     24.0168     -15.0662     79.8734     84.7559
-44.905     30.3629     -412.741     416.286     -10.231     5.28485     -80.7513     81.5684
-15.2472     5.07371     -2.17456     16.2429     -11.6784     -4.01438     -31.3156     33.6661
-24.461     -19.2053     -146.636     149.898     -7.85346     -6.48304     -45.763     46.8826
9.58745     -26.4293     -30.1068     41.1928     11.1426     -32.4328     -34.6647     48.7615
-11.1246     -1.74475     -6.7957     13.1523     -54.5288     -6.95882     -34.2431     64.7642
-3.20447     -33.3793     -20.3396     39.2192     50.3066     -8.40948     -30.7959     59.5807
76.7441     -3.95817     71.776     105.153     7.55849     9.56389     -9.42833     15.4108
11.9559     -41.1935     -111.713     119.665     -24.4825     -7.65033     -45.6077     52.3257
62.3161     -5.41543     24.6025     67.2156     10.656     -1.25751     4.61522     11.6909
12.6609     -4.63783     26.987     30.1683     9.38893     -3.51976     20.4402     22.7726
54.4917     -36.1729     -64.2722     91.6992     2.50151     10.3765     -26.5127     28.5806
-27.8461     -27.8009     91.463     99.5679     -12.6713     -12.1478     41.4854     45.0561
-8.48297     -42.5321     34.5947     55.4775     -8.82455     -41.9178     33.7656     54.5466
37.7846     35.5336     -333.64     337.648     23.8855     22.5768     -213.038     215.559
17.0867     -16.0072     162.724     164.4     -23.5271     -44.1647     167.802     175.105
-39.1861     -18.8846     -172.922     178.31     4.06679     -9.76594     -63.1838     64.0635
10.3754     -22.7576     51.2359     57.0147     -10.0581     -8.24751     12.8664     18.2962
-11.1593     -8.49044     -19.959     24.3926     90.2879     -38.1486     -207.292     229.298
-5.9826     12.8116     12.4892     18.8661     19.0483     11.3544     52.7507     57.2224
-7.73284     7.18408     -51.2435     52.3277     -8.63291     -9.02977     -35.7839     37.9051
27.2042     58.9347     -92.3532     112.883     9.76852     26.5252     -42.0219     50.6443
30.5944     22.7916     188.949     192.762     1.8966     15.7189     14.5177     21.4817
23.8054     10.2401     -15.6901     30.2942     13.1903     6.40255     -6.52808     16.0572
-26.9     1.70277     21.1728     34.2753     -11.7288     -2.01314     59.0919     60.2783
45.7099     34.3856     76.4075     95.4456     21.0469     14.1528     36.4171     44.3788
25.4022     -11.1209     -239.593     241.192     16.8575     -9.01728     -155.14     156.313
63.3786     -30.3093     93.3412     116.825     21.984     -8.62972     30.0104     38.1889
27.6275     35.1363     29.4038     53.5016     6.99885     8.27129     7.40242     13.1558
-28.8917     8.02134     61.1476     68.1101     -15.5691     3.32337     35.5888     38.9985
-15.3274     11.9884     -25.997     32.473     -17.6431     12.2329     -31.0549     37.7535
83.9101     -5.09893     -50.5621     98.0991     4.03709     12.2901     7.17163     14.7918
8.53654     7.79018     -10.3674     15.5335     34.4478     25.8705     -40.5951     59.1958
8.89903     -25.5372     217.016     218.694     8.20507     -21.9322     183.76     185.247
-29.2753     -17.1634     -1.0502     33.9518     -34.3073     50.5566     -35.8949     70.8619
-30.4336     -22.2223     -172.924     176.982     7.62254     -10.4984     -81.9775     82.9978
8.45899     51.4567     -16.6059     54.7275     6.80924     51.2963     -17.4022     54.5941
41.9967     60.2161     136.997     155.428     6.23995     7.91632     17.1674     19.9084
-9.97312     -84.719     190.754     208.959     -13.1755     0.112617     8.61875     15.7445
11.23     2.89536     5.27667     12.7759     21.4902     4.8779     7.30198     23.2204
16.0069     0.54817     -3.0828     16.3103     50.6054     6.31268     -14.0354     52.8937
7.37271     -9.40477     -8.46826     14.6765     37.0571     -51.7317     -44.6755     77.7515
-8.79018     -14.2729     27.7694     32.4367     -5.85631     -8.61108     19.2371     21.8805
-27.4335     25.6824     180.347     184.22     -14.7144     15.9421     105.094     107.314
-4.96646     -50.6349     -34.7224     61.5973     -11.5939     2.32918     -11.2361     16.32
-63.2416     -8.01051     -40.8309     75.7022     -36.2978     -7.93172     -24.2252     44.3543
4.30321     -72.5264     785.424     788.777     18.4231     -1.8013     72.9313     75.2437
53.4847     -20.0733     -4.46774     57.3019     -7.90575     -30.6955     -2.30423     31.7809
16.6732     31.3358     -21.6941     41.6001     -17.8968     5.72583     -4.4519     19.3111
-29.8448     12.7853     49.5905     59.2739     -16.756     9.73966     -8.44739     21.1419
-28.0666     2.17092     5.81884     28.7455     -24.501     48.9837     113.678     126.184
5.96685     20.362     -44.6016     49.3914     10.5761     33.2168     -74.0339     81.832
-4.84784     25.3365     -51.6287     57.7145     -7.08205     39.9172     -84.4516     93.6783
-10.0786     -26.3629     127.634     130.718     -13.2141     -27.3403     139.793     143.053
-27.2809     -25.9223     -6.13635     38.1296     46.1958     -48.5538     -12.8673     68.2428
-3.87599     -12.0165     45.4875     47.2073     -38.578     22.6561     259.81     263.634
-4.42152     22.964     -6.92452     24.3894     -2.30015     12.6982     -3.74246     13.4456
-29.5505     4.40661     26.0055     39.6098     -8.21332     -27.9077     31.9401     43.2026
16.0523     32.0432     87.9788     94.9984     15.7931     -8.76743     25.4917     31.2428
-7.81188     -35.4789     208.638     211.777     8.27348     -7.7936     237.659     237.931
5.62416     73.9886     -46.249     87.4352     -0.498489     31.3076     -19.2099     36.7347
-10.1732     -52.7053     -34.4628     63.7889     -4.36154     -23.7216     -13.818     27.7973
-34.319     -15.3765     -145.603     150.381     9.98782     -30.7054     -120.887     125.125
24.6584     -11.7831     12.4523     30.0323     28.8899     -10.2581     14.465     33.8982
16.4967     -22.2088     -6.19574     28.3506     9.26179     -12.8034     -4.02291     16.3065
-23.6481     -41.4295     154.639     161.829     -10.7071     0.783022     10.8399     15.2571
8.29341     -42.3232     262.158     265.682     10.2821     1.82612     36.0132     37.5001
59.0834     -18.8562     -20.1886     65.2226     -5.8356     -12.085     -9.60391     16.5101
-25.2779     -39.6203     77.2547     90.4269     -9.32006     -14.1842     29.2914     33.8568
-5.51785     -35.5557     39.187     53.2003     -10.9833     1.68323     14.3541     18.1529
13.456     59.0118     120.915     135.218     10.3064     -1.76395     3.93177     11.1719
-38.1685     21.9079     192.213     197.187     -22.9026     10.5426     117.113     119.796
21.13     38.6594     131.167     138.368     21.8842     33.3862     123.577     129.865
-9.93835     52.3542     -20.7969     57.2035     22.6972     9.61869     -30.2589     39.0293
6.12073     8.40058     95.2931     95.8582     9.81615     13.0895     153.6     154.47
14.4891     7.12812     54.2533     56.6055     9.18765     5.1607     33.9387     35.5371
10.1009     -4.65634     6.15631     12.7126     17.9204     -33.953     -47.9938     61.4602
-8.78415     -27.7821     262.041     263.656     5.8325     -29.9243     66.3461     73.0157
26.0015     -1.50931     -76.7208     81.0212     26.8862     0.531101     -76.7339     81.3096
69.9391     -26.8072     154.318     171.535     -3.93633     -14.1565     50.9501     53.0265
-17.0078     -3.36581     -240.754     241.377     -24.5675     37.6509     -178.372     183.95
-20.8227     27.7634     -22.5954     41.4118     -10.8283     2.76513     -47.2201     48.5271
-0.0891533     11.05     11.3184     15.8182     -52.9768     1.3118     19.0177     56.3022
-16.9739     -12.1376     609.258     609.615     4.80005     -22.3763     221.809     222.987
40.2288     1.86928     -46.1708     61.2665     20.9527     3.31696     -20.4404     29.459
38.1842     -53.9855     -30.9656     73.016     -8.03449     -10.917     -20.8372     24.863
11.0835     62.4054     102.019     120.105     11.2043     -0.79751     7.48433     13.5067
-19.8984     -17.1362     31.3049     40.8606     -25.6911     19.0844     74.4607     81.0472
18.6601     4.29062     135.6     136.949     28.6933     -1.93476     40.9108     50.0075
-7.03039     -29.2925     -186.125     188.547     -21.61     0.660798     -66.8021     70.2136
-7.48274     40.518     23.2669     47.3186     -4.25342     27.2159     16.4894     32.1048
7.38519     13.3278     -36.9654     39.9827     11.3876     23.1477     -63.1449     68.2112
-15.4567     2.8715     0.807298     15.7419     -37.1233     9.86683     1.948     38.4615
-3.15699     60.1907     -24.0969     64.9118     0.735311     23.4825     -10.2632     25.6379
9.52572     22.1228     20.7111     31.7664     13.1591     25.1748     22.9064     36.4916
41.1007     32.6855     935.646     937.119     -10.937     22.1108     279.48     280.566
-3.22818     42.9216     15.4178     45.7208     12.1837     1.74307     1.93606     12.4689
21.5973     34.6136     -353.578     355.924     22.7929     33.9048     -377.616     379.82
-31.3365     21.0942     58.9799     70.0398     -33.3372     -30.7545     174.31     180.115
-10.313     -2.40425     27.1985     29.1873     -33.0143     -12.0152     95.3973     101.661
9.24093     5.91567     20.4391     23.198     -22.1437     40.7622     84.3418     96.2572
-19.6964     15.9265     108.432     111.352     -4.04027     23.2287     19.5888     30.6532
35.3044     -22.5464     157.57     163.043     18.4793     22.8381     61.3011     67.9771
20.4     -29.9677     7.37256     36.9944     25.1494     9.51843     19.8073     33.398
78.0446     8.5209     155.522     174.214     12.045     2.71194     22.9138     26.0331
-42.3625     -9.84167     68.9767     81.5428     1.12207     -19.2838     17.0722     25.7795
-12.3063     -28.038     22.7648     38.1551     -19.4087     -45.5847     39.8488     63.5813
-49.0072     6.72295     78.8023     93.0414     1.68741     12.4647     8.68385     15.2848
-10.1558     14.4319     0.632871     17.6585     2.56009     29.8554     69.6096     75.7852
24.6859     -23.6403     9.68201     35.5248     8.77064     -8.90263     3.10504     12.8772
-7.93797     67.0159     109.758     128.844     19.8978     5.55633     80.5569     83.1637
18.3375     -28.9667     -70.4986     78.3926     14.5583     -24.7263     -59.5772     66.127
42.1826     35.6827     -6.38524     55.6183     29.7063     30.0796     -5.76466     42.667
6.3189     -23.7295     35.0362     42.785     15.1552     -0.122522     50.1264     52.3674
29.8604     0.910564     -395.153     396.281     17.438     0.185059     -229.95     230.61
-0.377394     -27.0683     82.7072     87.0248     -1.06634     -21.4802     65.9804     69.3988
26.8802     17.4345     -68.6044     75.7172     15.6036     11.808     -41.7886     46.1434
-3.90065     -9.74572     33.2444     34.8627     -4.05142     -10.8843     34.3979     36.3056
18.018     8.13016     -54.929     58.3777     13.6103     5.9731     -40.5705     43.2074
-2.31607     18.4674     6.32682     19.6585     49.085     3.62763     33.5425     59.5617
30.4117     23.395     -136.945     142.219     -8.33231     22.6426     -178.616     180.238
48.9168     78.2862     -268.703     284.118     -9.89977     -1.90173     -27.8339     29.6073
-11.021     -29.4831     42.7116     53.0566     19.6951     -19.0147     110.378     113.722
-18.7419     28.7517     -337.114     338.856     -7.55552     13.3061     -148.733     149.518
13.8559     19.46     -11.1948     26.3818     7.7446     12.4751     -6.6079     16.1025
3.98785     -24.1717     52.054     57.5329     6.86833     -44.7191     94.6206     104.881
5.87922     11.8539     8.71216     15.8424     13.289     41.9921     29.2913     52.8953
-19.6837     19.8929     -9.91723     29.6905     -25.4155     -13.7498     12.3231     31.4144
31.006     41.4723     -98.7477     111.501     23.1083     30.8754     -71.1128     80.897
12.4672     12.6059     2.17298     17.8691     21.9533     24.3746     5.21927     33.2161
-5.3534     -9.36213     21.6304     24.1699     39.0349     -19.3111     21.4853     48.5619
70.3646     -46.1469     89.7891     123.056     -6.4783     -8.7954     13.4181     17.3024
-18.0437     -5.01249     3.74459     19.1208     -10.6387     -2.66807     1.5257     11.1136
22.8371     -46.9943     2.63527     52.3158     -9.4875     -13.9608     28.8105     33.3911
4.16319     -21.9036     70.3714     73.8249     2.32986     -18.8228     60.6939     63.5953
26.3638     13.3672     37.6829     47.893     -29.6914     62.9522     53.7881     87.9643
-44.1319     54.6604     370.02     376.63     -8.40451     10.0429     74.8077     75.9455
32.3866     4.86073     72.1218     79.209     4.40314     -25.7788     90.1125     93.8307
-28.8948     21.7784     -257.84     260.366     -9.0667     6.56287     -76.5523     77.3719
-43.6079     20.6631     -138.692     146.847     -35.9998     15.1542     -114.809     121.272
18.8307     -9.22848     210.329     211.372     24.6474     -9.0082     268.19     269.471
15.9983     -58.2498     631.604     634.486     11.4568     0.516702     173.683     174.061
-47.2698     3.86618     -43.2086     64.1589     -0.00951876     22.8546     -23.8278     33.0166
8.49984     -5.89396     5.59613     11.7602     21.4928     1.69331     -26.6095     34.2472
-24.9831     20.7367     -79.7377     86.0945     15.8379     20.2851     -54.0945     59.9044
-18.8057     8.69849     -20.6761     29.2718     -56.7705     31.5259     -63.9805     91.1607
-13.7293     -26.2099     27.9908     40.7409     -12.6812     -21.3382     23.6384     34.2897
2.89833     44.9869     56.5311     72.3048     29.9424     -0.576722     33.1173     44.6501
9.8993     -55.5073     -151.367     161.527     5.21225     -28.7131     -78.3241     83.5892
10.6881     10.5109     37.9784     40.83     22.3583     18.9889     74.8696     80.411
16.7267     35.2489     9.93191     40.2606     11.1757     22.8915     7.42831     26.5395
-12.1908     3.7564     -208.847     209.236     0.210733     12.4766     -124.298     124.922
21.8527     -21.0753     63.6023     70.4767     -3.2889     -11.1531     0.374803     11.6444
-17.187     4.14737     0.047681     17.6804     -10.6247     1.71078     0.75416     10.7993
24.6013     -17.044     -91.9009     96.6514     21.2764     -14.1803     -74.898     79.1422
-58.7979     21.0605     -534.78     538.415     -3.47423     -14.4846     -82.6344     83.9661
31.5284     17.4815     32.4453     48.501     12.4347     -18.241     11.3736     24.8342
0.801214     26.5138     -25.9693     37.1337     13.4858     3.35231     0.48942     13.9136
40.1281     -34.5143     110.914     122.896     29.4058     -27.0934     86.0806     94.9184
12.977     6.65849     -30.1507     33.4934     25.7271     12.7353     -55.3663     62.3678
35.6648     -21.2454     15.1315     44.1849     9.84553     -4.96424     4.65589     11.9689
-14.0918     -43.5271     39.8461     60.6704     -8.13665     -27.8321     23.784     37.5035
25.6719     -44.5999     -23.0722     56.3962     47.5769     15.3859     -52.1901     72.2779
2.3715     -41.9069     -155.782     161.338     1.5728     -58.673     -234.46     241.695
52.5149     19.6958     -83.7962     100.834     8.47915     -6.45091     -70.1854     70.9895
3.303     29.8187     -12.3762     32.4536     36.5207     22.8041     -118.956     126.508
28.2291     6.01713     -45.6307     53.993     56.8014     7.57509     -91.0066     107.545
5.66447     -13.6377     -143.292     144.051     -39.657     -14.588     -232.815     236.618
-18.7077     29.5854     -113.448     118.725     -17.6195     26.1891     -102.22     106.983
43.4418     -28.9275     84.9912     99.7371     7.46197     7.87861     5.05214     11.9699
