px(1)   py(1)   pz(1)   E(1)  px(2)   py(2)   pz(2)   E(2)
29.8031     -17.4585     42.3027     54.7794     59.8718     -48.9034     -71.6082     105.647
-5.50139     45.5153     -74.4245     87.5668     108.285     0.41497     -52.458     120.485
-49.7486     -46.8373     118.406     136.846     64.6664     -56.4438     79.6999     117.327
-41.1565     45.5617     1046.02     1047.84     29.0721     68.5162     325.81     334.249
-11.6141     60.2333     -28.5514     67.9597     76.5083     25.5004     -181.29     198.504
1.01736     21.9786     6.47587     23.167     -10.6303     -119.566     40.1249     126.759
-36.7789     15.4997     212.513     216.347     -52.0284     -89.4013     142.244     176.022
29.2314     -20.0746     -38.1967     52.2867     7.14078     113.465     -276.92     299.55
-21.3884     57.8293     -57.027     84.1487     61.8855     8.35145     -117.241     133.011
-60.1576     -13.678     -72.0956     95.0426     -0.685402     98.8786     -119.516     155.265
28.1751     -62.7935     759.18     762.32     -86.2995     -25.8143     849.309     854.162
-10.5827     -20.2846     -2.64389     23.2842     36.82     83.175     35.7137     97.9602
40.3056     -16.9011     -22.1602     49.1688     17.0498     95.6438     -199.3     221.807
-0.303221     -22.5998     7.06903     23.7685     -36.1578     127.299     143.146     195.076
23.1427     -39.0794     70.8367     84.1823     89.5818     39.9958     472.04     482.187
24.1405     -25.2326     -8.62833     36.1518     2.36963     -64.1365     172.574     184.207
7.60973     -19.8719     -11.3016     24.3279     -73.3295     94.7202     22.316     122.423
3.70082     -44.3678     -79.0584     91.0038     -59.6708     -49.4286     25.8576     81.9165
-12.4693     28.2982     -18.3282     36.3044     70.6407     50.7786     117.4     146.234
-22.1649     33.5686     -215.58     219.37     -65.2904     -91.7923     -299.494     320.093
44.5101     -13.1554     19.7384     50.652     -6.69093     115.168     58.6178     129.599
-24.8426     35.3483     508.159     510.006     -73.379     -20.5863     187.02     202.048
7.48284     51.8255     -237.548     243.29     -98.7673     -15.8209     -602.315     610.613
42.9337     -34.9788     -21.6955     59.7394     31.4991     55.9958     -28.5374     70.4148
-41.6038     -13.0287     -345.861     348.645     -12.2499     51.1205     -155.049     163.841
38.1936     68.0072     5.2027     78.3729     67.1688     -48.8697     -19.6239     85.5181
-24.6419     49.0662     -172.641     181.219     78.3248     26.5163     -197.985     214.605
-40.5809     -7.31574     162.876     168.091     49.6754     -98.3701     221.969     247.91
24.2954     16.9031     -23.1465     37.9631     -46.428     83.2419     100.466     138.766
5.71051     30.2375     -158.464     161.467     -119.608     -57.5912     -1176.04     1183.53
-53.2798     43.0722     18.2771     71.1705     -58.2253     -50.9767     -64.9804     101.235
53.8481     9.58017     -1.75808     54.9172     -0.831603     85.789     114.714     143.344
-9.79796     46.2097     76.2932     89.888     -80.4414     -8.04187     -4.12089     81.2843
19.0322     53.8179     100.554     115.838     -87.1902     39.9966     37.2303     103.125
3.78807     41.0113     -14.743     44.3004     -69.519     40.3754     132.792     155.373
17.8056     31.162     52.0048     63.3408     86.6827     10.1807     -52.2401     101.943
37.6457     9.90792     80.4659     89.6211     -9.19631     -115.713     556.459     568.465
-40.62     -30.9331     -70.0643     86.8443     -39.4908     99.3084     -240.889     263.65
-20.0993     42.0028     8.93114     47.8585     71.7895     49.8544     174.345     195.179
-63.4786     -30.3779     -30.0674     76.6876     37.3164     -59.8214     -52.3502     88.0689
23.8604     -38.3483     205.699     210.687     12.3093     -64.1212     25.6582     70.4506
23.1298     34.4534     42.1802     59.3486     -115.635     19.4303     67.7983     135.566
17.0729     -32.5803     -34.0897     50.5872     79.8419     -12.0092     -511.849     518.231
-19.7713     -29.618     -93.7238     100.409     106.102     -51.7627     -86.1318     146.674
43.9175     2.02512     130.971     138.288     -30.3876     63.3963     140.227     156.924
-0.261816     27.7     -161.458     163.858     -100.245     -81.2569     -851.18     860.938
-26.1378     -4.67314     0.211453     27.2089     94.2325     101.799     -59.2999     151.179
21.7845     8.18083     -937.502     937.794     38.1266     88.3967     -542.293     550.83
27.2768     1.32419     460.591     461.413     -13.5292     -110.9     473.173     486.223
-12.6463     -64.1775     403.466     408.769     -92.0949     23.9798     873.143     878.338
-40.469     22.7629     88.2631     99.9944     83.0918     73.6678     125.459     167.677
28.8931     -41.9267     87.6589     101.542     -83.7215     -32.5405     73.3015     116.153
29.5154     0.388453     -8.62892     31.0482     -84.1864     86.4314     33.6625     125.634
18.4526     46.2789     330.854     334.613     59.3627     27.488     68.7931     95.1531
8.76218     26.8925     43.7376     52.257     -4.85519     50.8354     -43.8143     67.4289
28.8794     -13.654     4.06439     32.3907     -59.6743     -78.3885     61.4352     116.277
-44.9838     -2.59854     -62.8512     77.4852     0.888135     102.844     -425.734     438.056
43.3048     35.7226     -389.388     393.493     -59.168     70.7783     -270.711     286.279
2.15899     -26.9798     -66.8962     72.3364     -64.4367     114.994     -294.47     322.703
40.0187     -22.0144     -7.57356     46.5591     60.9022     33.3361     -176.337     189.578
-0.891401     44.0999     278.666     282.185     -87.8157     -12.9575     197.273     216.427
-41.9414     -1.48192     112.879     120.485     -30.5718     82.9268     36.3778     95.7213
9.00095     -27.462     -40.7521     50.0869     -97.768     -37.4349     -673.989     682.108
29.8861     -16.9406     -10.8406     36.1303     -5.08542     115.972     34.6012     121.295
16.7788     -14.8998     -53.0941     57.7109     -11.849     125.746     -90.0465     155.344
18.8471     13.4565     42.8881     48.7902     -98.719     50.6274     703.66     712.373
-11.0351     24.1395     -9.90268     28.6391     -28.2555     -131.938     -98.8554     167.397
-45.1292     7.72564     224.235     229.012     59.3085     97.6933     540.459     552.45
19.4908     -5.99358     82.3395     84.8877     -112.543     67.0337     344.783     368.922
-16.7886     37.4811     21.8669     46.7183     -84.1924     -77.5046     6.72083     114.91
-61.3127     -1.77022     -35.6962     71.1547     9.36106     -82.008     -1.8996     82.788
-21.7291     12.3057     -0.735003     25.2015     27.7581     95.6116     258.929     277.427
-70.6638     20.5352     461.05     466.94     -10.3429     -84.8587     566.089     572.548
44.4254     27.8272     1.10986     53.2902     -78.6618     64.2199     -14.1314     102.784
-62.1483     -22.4019     59.6065     89.2633     -37.764     64.1067     -18.443     76.8564
10.495     -28.5184     0.802637     30.7608     84.1014     56.1794     -24.6874     104.419
11.6377     47.4798     27.8197     56.5338     92.9832     0.903942     263.982     280.118
-29.9779     28.4354     -239.847     243.408     -35.5658     48.9418     -26.4307     66.2888
-37.2762     -24.9435     44.7151     63.5962     35.322     -81.3144     363.498     374.236
-11.1351     51.8339     -75.6126     92.6772     60.1774     21.0781     -4.69808     64.3135
36.7207     -15.2478     -14.2887     42.5844     -88.2664     -89.7657     -106.273     164.852
56.3085     10.5287     45.589     73.4137     -4.94153     -97.657     117.138     152.896
0.307955     -26.1473     -14.6075     30.2372     -33.0932     130.677     -128.455     186.38
-6.92295     46.9523     -57.3213     74.5971     -98.9405     -16.3694     -2.05565     100.479
-68.4891     -40.2298     -104.637     131.833     46.682     -72.1073     -181.611     201.082
35.4472     34.0933     112.368     122.774     15.0914     60.3806     917.872     919.998
13.4509     23.0513     17.4983     32.0986     7.70683     76.8442     -151.455     170.135
-23.3055     -34.956     101.168     109.674     71.4807     -58.9267     28.6348     97.2482
25.1841     16.0056     -13.1967     32.7977     -120.131     50.2828     -11.9284     130.996
-34.9353     -44.4769     182.678     191.476     -49.3877     71.8285     304.243     316.509
-31.2687     8.97594     -126.071     130.272     91.9935     87.6348     -682.051     693.819
4.72204     -27.6066     -67.166     72.7955     -40.3966     43.583     -107.098     122.71
-15.4449     -57.6677     60.8527     85.3803     -79.3997     -4.22189     305.454     315.771
52.8361     19.9254     -54.3538     78.6201     39.3142     47.7406     59.3289     85.8451
29.6492     -68.5194     114.039     136.626     82.1152     31.5063     61.8174     107.811
-1.26236     -25.1344     0.0423531     25.3857     81.3187     -7.12922     111.895     138.629
-22.1394     6.54525     7.43396     24.5171     98.1338     35.2254     -62.1398     121.613
29.5553     9.51716     -140.269     143.709     -58.6477     77.5966     -110.139     147.048
-11.7221     51.5247     182.266     189.87     58.3273     36.5581     39.352     79.5258
-22.0218     -45.177     -113.395     124.156     84.3753     -9.95194     -243.045     257.511
-20.5132     11.844     31.9627     39.8594     86.9525     -97.3812     225.359     260.733
16.2401     66.5867     4.68085     68.9485     78.7313     -18.7997     -61.1519     101.731
-25.5966     72.6118     36.2897     85.4055     80.1603     22.4508     20.702     86.1069
40.6726     -57.8155     53.6278     88.9062     59.8744     43.5721     166.48     182.387
23.8001     -14.053     2.30563     28.2704     79.9582     -5.51769     318.002     328.013
-30.1803     -46.106     2.18635     55.419     12.8032     -57.4553     170.89     180.835
21.7529     15.4055     -136.375     139.082     -37.3089     -105.951     -778.659     786.752
31.2005     7.88886     -983.87     984.409     18.6904     77.5444     -429.763     437.166
-15.4613     -20.6749     -47.8683     54.5734     -4.47256     141.204     -258.355     294.638
-2.80887     -65.7835     -3.54224     66.1578     -72.8748     13.9157     30.7761     80.3832
6.38726     36.3705     3.281     37.3928     -44.1408     65.0584     250.656     262.81
-23.103     -9.65288     -124.728     127.246     -66.6683     56.1869     -54.6115     103.552
38.2169     28.9213     -76.7459     90.6354     40.1332     -55.0977     -11.8989     69.3226
-24.6646     -4.30964     13.0355     28.615     59.0412     74.433     -11.6226     95.8615
-30.0462     24.8448     -4.47146     39.5968     -61.3466     19.6307     215.133     224.65
13.5184     -39.907     15.1309     44.9292     -70.1194     -27.4313     145.887     164.565
-9.06119     -58.1354     366.377     371.15     95.4748     13.513     540.975     549.526
10.3416     -45.3398     -196.012     201.552     -109.134     12.0957     -380.249     395.827
-37.4329     -3.76082     200.232     203.786     44.5742     -107.617     1130.54     1136.55
-19.4298     -23.6808     -26.4731     40.6765     107.707     -23.8968     25.7241     113.423
-7.95838     -25.5351     48.1193     55.2403     1.73224     -74.2903     1120.85     1123.35
12.76     -28.3968     -3.34243     31.9395     -84.1284     -54.0748     186.874     212.093
-5.14005     -39.8873     -170.893     175.639     -104.046     24.2905     -146.317     181.378
31.7361     -1.87247     120.201     124.424     -0.631835     -107.728     95.4119     144.042
-0.00917746     -39.771     -99.902     107.692     -100.764     49.4626     -136.834     177.117
-19.3881     53.8519     -210.228     217.94     -78.2107     -45.5504     -169.241     192.052
-12.0568     -33.3311     5.03867     36.3302     -73.7305     40.6788     -85.5649     120.154
24.4208     -39.718     90.0504     101.542     -106.283     -22.6106     382.877     398.09
-28.3826     11.2415     87.3798     92.7063     125.876     29.1631     264.367     294.356
-18.0832     34.7067     443.972     445.723     68.7973     46.8367     257.947     271.167
34.084     -2.53593     -7.38631     35.6846     -2.82004     83.1199     -89.8301     122.825
-58.7245     -5.21683     -33.5818     67.958     4.02784     100.297     -26.1371     103.972
20.4831     -13.1378     -319.931     320.888     29.8349     103.422     -363.856     379.551
-16.1654     17.4873     9.27849     25.6865     -8.66882     68.6953     355.873     362.588
10.0318     -33.1501     59.5386     68.9966     -115.995     23.9688     80.4657     143.32
30.0301     -31.0217     -11.8075     45.0872     -102.552     -49.1472     38.3871     120.176
-22.0703     5.3459     61.499     65.5843     11.166     76.0583     12.5237     78.4992
-36.8199     -18.9135     -361.394     363.809     -12.4182     121.984     -805.037     814.344
-55.0403     -34.3941     10.4438     65.9973     46.1826     -60.6101     41.231     86.7858
23.9924     -21.857     -285.103     287.013     70.4553     43.0803     -119.002     144.959
20.3605     14.7449     -176.978     178.793     -128.077     9.30052     -500.748     516.977
10.6615     28.0564     18.6576     35.5511     84.264     34.5316     -141.179     168.168
-47.2098     5.43862     374.843     377.88     -10.0755     -109.048     357.812     374.256
-52.1806     13.5051     0.688277     54.0732     21.1463     93.2298     -64.9197     115.68
-44.0043     -11.8929     -34.9364     57.6778     -16.8584     68.4335     -214.061     225.417
-27.9761     10.0046     27.5678     40.8658     72.9762     -108.498     81.0473     154.104
-52.9227     -29.946     647.162     650.04     -23.6017     66.988     445.883     451.565
-28.9811     10.0584     -14.2034     33.9732     111.691     50.8904     -112.846     166.913
16.943     21.0817     44.5233     52.2611     -95.5664     51.4775     443.345     456.483
5.1342     -21.7668     -1.65652     22.7859     2.5861     123.426     -129.611     179.105
-5.06748     48.7901     119.193     128.995     -95.1795     9.00788     51.8403     108.944
33.3281     -20.0845     243.286     246.456     -104.952     -55.4871     451.469     466.877
-2.88721     -26.2389     4.28351     27.1571     -51.2421     -44.1558     -205.38     216.329
-45.4672     -40.8889     722.576     725.176     -58.4934     46.5382     274.873     284.933
-37.7312     40.426     -369.978     374.13     -53.9206     -64.3272     -276.686     289.186
6.20551     -31.8215     17.1253     36.9672     74.8018     -40.2948     394.692     403.781
5.95293     20.5893     -144.469     146.093     -98.6702     -90.6771     -1086.89     1095.15
-23.4913     -1.21674     -20.2597     31.2028     119.739     21.8196     -222.81     253.984
-51.2198     6.33555     295.761     300.265     17.0737     -89.496     714.854     720.663
-5.51829     33.9629     66.549     75.0916     -100.859     -71.4551     233.651     264.459
-33.2572     17.9235     -1.8412     38.0985     5.50471     72.5923     -211.148     223.443
-16.6383     -30.8369     22.5557     41.855     63.3095     -37.0414     143.828     161.666
17.5701     51.6786     -214.857     221.784     -96.769     17.6528     -243.371     262.591
-26.3445     21.3587     -49.4172     60.119     13.9099     90.5335     43.7628     101.887
54.2554     -43.404     -239.242     249.213     47.0321     72.145     -522.104     529.191
-61.7843     17.5024     490.397     494.613     -36.168     -72.3375     225.95     240.065
-75.4236     -23.1745     -73.2001     107.844     -11.9618     78.923     -53.3933     96.2776
7.72519     -60.7304     -28.757     67.8656     -77.2682     -24.7051     58.1897     100.042
-1.90174     -50.5454     -125.989     135.857     98.1855     1.38981     -579.184     587.57
25.5915     -30.2775     57.3577     69.9498     45.8162     107.696     109.298     160.305
19.4141     49.3855     -8.15832     53.9654     24.6331     44.4596     159.464     167.453
-23.5783     -47.0829     -52.5257     74.5387     -85.3168     12.8238     37.0413     94.0837
20.958     40.5254     -30.3405     55.1024     -1.33637     58.7193     -384.932     389.439
-24.9866     -14.0969     1223.76     1224.11     -19.4586     100.181     1120.38     1125.03
6.77676     -30.3963     -9.79383     33.2725     -103.425     75.4063     -49.3736     137.497
-23.3895     6.41314     22.9816     33.5008     12.8901     -118.543     381.258     399.506
24.2127     -5.1504     75.1832     79.1999     -9.90615     106.341     73.7808     129.913
7.83808     -21.3472     -114.731     117.026     -102.429     66.3264     -473.299     488.832
17.9879     21.7431     187.631     189.79     -124.214     -16.9089     388.703     408.47
30.1121     -16.978     -45.3685     57.3468     78.2126     -21.8652     -833.777     837.751
-25.5645     74.3389     -98.5559     126.244     81.1566     25.6792     -159.193     180.661
-20.1403     -6.81642     17.6583     27.7942     128.329     46.4491     37.963     141.777
10.9249     -26.3557     -75.1514     80.5167     48.0384     120.498     -453.563     471.781
14.6135     -46.494     167.617     174.666     -56.3159     -2.07718     330.614     335.419
2.1905     46.9101     -7.6349     47.8935     33.8376     46.7193     160.601     170.795
-25.7549     -36.9837     43.9931     63.0747     -74.5471     51.8364     -23.2379     94.2688
-18.2729     37.8137     12.7143     44.2397     -22.0363     69.8469     324.506     332.802
-21.896     49.8142     -29.0716     61.9023     -80.575     -15.8305     -200.542     216.805
-2.24088     61.3627     -184.473     194.514     79.3549     18.702     -734.066     738.608
-22.0238     -12.5799     -185.679     187.463     54.6909     85.8485     -362.308     376.35
-11.6915     32.7275     22.8427     41.9554     -73.2777     -9.1112     281.332     290.965
41.3696     30.8908     -36.0852     63.5636     -69.5707     61.7703     8.10912     93.5925
29.7445     -17.6809     34.2327     48.901     -97.6982     -47.0361     222.985     248.092
-26.1295     13.3587     31.6967     43.4304     19.1572     89.8991     -76.6089     119.784
-7.51294     -43.5121     -383.332     385.95     -84.4305     -20.4123     -166.952     188.305
7.01462     -24.2316     -5.1074     25.942     -90.3552     -21.4324     -74.9859     119.572
42.8465     -16.5632     331.961     335.152     -26.8616     -85.0904     179.21     200.262
-48.1931     -45.1481     -3.34148     66.3192     -56.3681     34.425     93.6754     114.722
19.5867     4.15383     35.6178     41.2233     -143.392     -5.944     211.008     255.264
51.9253     46.3993     -288.882     297.255     52.0138     -64.8798     -581.43     587.368
-17.6132     47.2915     158.184     166.133     101.063     9.86327     202.313     226.44
40.5781     24.3171     209.031     214.374     -92.3178     69.6159     559.515     571.437
41.8859     23.0466     30.4913     56.874     -5.22932     75.8889     297.707     307.352
-26.1872     70.1696     371.497     379.007     -65.3603     -39.2014     291.411     301.296
20.7991     1.27358     33.2264     39.3022     -99.1115     -90.2732     177.715     222.685
12.3244     -71.2156     21.4472     75.7269     73.4884     6.90691     -46.9952     87.7354
-8.09036     -25.5938     586.471     587.115     104.265     -20.2437     532.619     543.163
20.5173     18.256     -6.16115     28.3939     -24.4101     95.5058     -314.204     329.348
-43.7692     10.2023     -104.478     113.982     74.0341     85.4009     -295.615     316.555
18.8492     10.353     84.4765     87.2277     32.7033     41.4274     -6.09198     53.2895
-10.3261     -19.1943     26.3698     34.5306     72.2356     114.305     382.854     406.207
-20.3797     -52.3347     84.9612     101.955     -82.4255     57.4541     112.954     151.218
-26.2959     -42.468     -128.154     137.667     80.6186     -52.728     -697.013     703.658
32.7602     -34.5794     470.46     472.895     -2.29601     -60.0281     84.6057     104.097
-57.2783     16.3348     184.37     193.849     -10.4803     -96.2721     460.823     470.936
-28.4049     41.4566     -21.936     55.085     -70.6872     2.83871     -253.327     263.168
6.85369     -52.0617     2.14721     52.8881     -100.923     22.1237     -7.28226     104.251
26.4744     -72.4601     166.086     183.322     71.5494     41.6889     187.559     205.095
-45.3342     5.01388     -465.278     467.532     -30.1924     59.329     -116.183     134.099
-44.8581     -32.5523     11.2218     56.8416     -49.4355     67.0269     126.138     151.304
37.5075     -2.16055     -61.4103     72.2083     55.1103     -48.9187     50.2273     89.4047
-50.0024     -12.8044     -174.312     181.897     -0.195401     55.833     -96.6262     111.88
-32.4004     -24.5391     17.9699     44.752     -85.4603     17.3914     -138.899     164.19
31.6267     41.5812     59.2232     79.1536     70.409     -78.4659     100.385     146.072
39.9251     41.9328     426.75     430.727     -28.117     63.7936     125.015     143.196
6.2127     -56.1449     -97.1639     112.468     -98.8565     12.0883     -264.407     282.617
-13.713     -29.9261     -153.366     156.986     115.945     7.30868     -212.959     242.746
11.0061     30.5036     50.3373     60.1969     -117.107     -1.21911     38.0941     123.294
-67.8023     -30.6407     -96.4484     121.97     -18.775     79.9814     -123.024     148.053
-23.7592     -16.1385     76.8646     82.1252     45.6186     -93.6249     1162.87     1167.59
-35.366     -9.7485     195.582     199.077     -4.95767     -81.7213     92.4305     123.699
37.8659     59.1971     7.79896     70.9912     -59.4416     56.4648     -79.8596     114.594
-50.1631     40.4548     -71.3836     96.3431     -60.5415     -47.6929     -301.006     310.777
-42.1325     -6.57141     17.5193     46.331     61.7353     -105.303     92.2666     153.131
-16.5415     13.8834     17.7252     28.0106     75.8231     -115.383     132.896     191.796
9.80272     -17.7478     -12.288     23.792     -67.6307     120.937     -145.232     200.894
-14.7002     -24.6313     -295.182     296.624     -79.494     72.2357     -287.906     307.39
43.8996     -11.1173     -303.932     307.343     19.3517     -73.6374     -88.1716     116.829
9.18605     21.2848     -118.96     121.275     -51.6716     -124.505     -1139.59     1147.59
-31.9051     -39.3246     172.003     179.408     72.5826     -26.0571     208.904     222.737
-11.6719     -17.66     -3.91325     21.7417     -20.4925     130.894     115.03     175.685
-15.4726     -18.4983     -21.4876     32.3656     -74.7682     86.471     -386.771     403.376
53.3617     36.2076     -8.03998     65.1226     -37.7856     56.6031     -76.8017     102.89
-32.8872     -1.66165     -42.6396     54.1552     -67.2021     18.2898     -806.545     809.566
-20.7653     35.2259     27.9237     49.7378     -19.3652     43.6097     342.18     345.528
19.5684     31.289     78.978     87.3078     68.007     -84.1113     107.598     152.911
50.8716     -43.1819     201.236     212.126     51.6463     61.1614     97.2205     126.074
22.1007     -57.5456     349.285     354.756     -64.0411     -26.6168     131.599     148.971
38.2482     -31.7631     -123.449     133.202     29.3479     -59.9667     8.24826     67.5086
29.3579     25.4152     6.11707     39.6669     -113.379     53.3727     29.9899     129.89
24.8373     -11.39     26.2907     38.1919     -94.627     -67.7065     -36.3024     122.039
4.24408     37.0486     -2.9987     37.8011     96.7048     -47.1157     -114.49     157.26
-43.1603     -32.9298     -618.281     620.685     -42.4255     -41.4961     -97.4235     114.162
-23.4333     40.037     1334.97     1335.79     -24.2133     64.0645     313.914     321.332
33.1518     -57.6899     -28.5309     72.6241     -46.0271     -55.6706     -177.604     191.821
37.4436     16.5357     48.9106     64.0289     -43.5301     87.036     430.717     441.639
74.4281     6.96901     -194.525     208.516     -13.4208     87.479     -176.577     197.599
-49.6845     15.0913     9.803     53.0316     -0.371756     62.1     111.634     127.908
-44.7832     -55.7114     140.849     158.108     75.1158     -41.9725     195.301     213.53
31.2178     -13.5479     94.9469     101.216     18.4883     -76.6511     1392.85     1395.1
52.4894     -16.9482     -19.1927     58.7554     -2.12616     101.536     -31.9992     106.782
-33.0343     -14.3796     75.108     83.3942     58.4662     -89.3518     588.916     598.569
10.9076     25.4192     -9.77473     29.7441     -121.73     -8.43134     79.0829     145.546
18.2482     -60.5475     328.198     334.351     -98.2549     -12.2081     449.455     460.269
15.5109     -19.9761     -48.9646     55.3249     -92.1169     110.528     -290.514     324.557
17.4796     -28.5124     15.0934     37.046     -131.395     3.09244     119.869     177.99
9.86498     -26.8882     -91.9195     96.3686     -122.248     30.2037     -530.996     545.758
39.9337     -0.678409     98.9823     106.904     -52.2934     -101.695     156.409     193.881
4.27449     26.6995     -17.4705     32.4436     92.9658     -75.282     40.4001     126.534
-37.5107     34.3089     75.1641     90.9086     95.826     54.1686     188.936     219.046
41.7237     -12.4392     4.43135     44.1341     71.1238     10.4155     -204.71     217.103
2.28717     63.4554     53.9848     83.519     -78.18     17.2348     229.193     242.981
29.9081     -38.7749     -60.4373     77.968     -100.886     -45.0509     -56.3641     124.379
12.0014     20.9878     60.8705     65.5728     38.4796     -15.7996     -0.759905     41.7149
-1.79432     -46.745     16.1201     49.7092     -75.5446     -34.6658     -109.124     137.4
-46.3771     -13.6537     -11.5447     50.0094     49.8801     -96.8361     -21.8654     111.284
19.3373     -13.5764     27.4674     36.5966     -33.611     121.104     24.6697     128.327
32.244     40.2968     -180.015     187.354     -68.1543     47.9579     -110.58     138.582
59.5699     -25.7988     -211.003     220.862     35.5668     67.2293     -81.0433     111.265
2.10188     -29.9873     212.137     214.327     92.6535     5.45931     131.103     160.825
-42.2948     0.635021     -16.05     45.579     33.575     -70.8142     -37.3604     87.0458
6.90746     18.9368     -91.3466     93.6033     96.121     -30.1833     -44.09     110.243
31.2995     8.34749     215.458     218.03     -9.6089     -117.613     761.846     770.962
34.7956     -9.98534     74.71     83.1092     -93.8868     -60.4025     183.479     214.855
41.5942     3.96358     -18.8726     45.9666     49.0518     20.2281     128.531     139.163
17.3866     34.7732     -324.636     326.989     -82.8686     51.0851     -205.73     227.687
-30.8752     -7.7004     -9.71232     33.6219     39.5782     -105.464     -240.257     265.483
-34.922     -25.9767     16.4091     46.6417     57.192     -84.4656     -66.4356     121.905
-1.1002     -28.5565     30.2958     41.7891     70.7087     -25.7176     -49.347     90.0463
39.1131     -20.4032     -33.8225     55.7742     -52.6818     -77.9764     -237.108     255.154
-24.1625     17.5452     -149.76     152.757     -13.3579     -111.593     -311.174     330.977
67.5729     -1.24604     -44.1851     81.0927     -3.85369     -93.6988     -7.6947     94.3633
-19.1716     -10.9558     -29.3634     36.8499     6.48989     117.62     -23.8355     120.586
-8.15432     -27.7725     17.4743     34.0641     125.015     21.676     261.326     290.688
-71.7708     14.0759     117.136     138.236     -5.9961     -82.9585     106.27     135.055
8.88153     -33.024     -3.80325     34.535     -0.323643     -64.6253     -286.257     293.532
13.675     42.6271     691.248     692.719     86.9376     -33.5138     547.938     555.826
25.7245     16.0687     -230.842     232.873     75.9175     22.9292     -77.1256     110.829
-30.6384     60.6445     68.6412     97.0379     66.638     52.2457     -5.46493     85.1594
-44.6784     0.428004     -342.527     345.492     -10.7769     91.2873     -192.226     213.158
21.1186     -54.1601     564.794     567.802     -85.4212     -28.2966     397.66     407.766
38.6849     5.24401     -42.4048     57.7246     46.5769     -43.4943     -370.774     376.254
50.0657     14.9741     64.9894     83.5214     10.9529     -83.3015     208.358     224.845
-39.132     -47.4979     -21.9843     65.5511     79.8175     -43.0236     -85.7249     125.392
-33.4644     41.2938     -952.988     954.488     40.9821     61.3229     -319.422     327.885
27.5272     15.8693     13.6812     34.8611     -29.3904     97.2679     313.468     329.606
-58.1346     33.7104     -196.128     207.5     -44.386     -64.4057     -96.7015     124.501
14.0657     -48.9198     -103.018     115.468     60.4701     -24.2528     16.4458     67.6007
74.6534     -22.5071     96.9811     124.661     17.0359     85.2167     103.027     134.942
30.6471     17.2578     161.903     165.769     65.3532     -11.0325     22.5896     70.2541
17.6807     33.1336     -50.6846     63.4107     -42.6834     65.3798     -649.563     654.281
51.9163     27.5259     -32.3176     67.2361     50.7436     -48.1714     65.935     96.388
27.6672     -13.1462     -260.803     262.629     -63.9547     111.044     -1069.66     1077.33
18.0081     21.9807     -297.474     298.854     9.84532     -126.636     -972.611     980.897
-13.7843     -35.559     -287.449     290.026     -76.1038     -19.5919     -93.0267     121.974
9.79875     27.6595     -71.9335     77.862     -112.446     -30.2535     -120.937     168.293
18.414     42.4275     -49.471     67.8384     51.093     -11.6255     -198.163     205.054
22.9178     -7.95378     57.4725     62.5393     -70.3173     -64.0216     781.247     787.027
30.6813     -21.8086     -18.184     42.0224     39.1329     80.4291     13.1294     90.6127
-49.7206     -16.8002     -231.194     237.103     -18.4029     94.094     -245.352     263.525
19.8228     40.6903     203.853     208.903     55.2595     -24.6721     85.446     104.797
46.2899     -15.4591     -98.0872     109.683     -34.4294     -83.4055     -551.12     558.483
27.302     -59.9012     50.6114     83.2041     -70.6834     -37.9933     -9.89506     81.4376
-37.2459     -60.4138     -690.287     693.947     -66.5228     57.7525     -725.932     731.313
-0.466417     -22.0108     178.512     179.897     -22.5255     138.125     621.948     637.528
54.1107     39.5341     -82.3906     106.444     36.4136     -57.4266     -168.677     182.002
4.90248     34.6357     17.3096     39.4264     107.18     -22.5004     300.4     319.81
-27.4431     43.4798     -4.75762     52.2577     -80.7733     -83.4289     -23.322     118.641
-53.6797     -13.8735     -69.2836     88.9018     26.9389     -68.8519     -36.1682     82.6825
-47.894     -17.4837     -32.7808     60.9438     -46.4802     51.7122     -276.904     285.563
-55.7376     -45.1755     -182.047     195.737     -56.3442     52.0216     -501.037     506.902
52.4399     -22.298     284.252     289.948     8.27612     -60.0196     1551.22     1552.42
-11.2119     -40.1289     -21.5654     47.2411     110.482     11.6698     -0.739094     111.368
-35.31     40.6628     457.885     461.075     -62.5217     -75.0648     416.988     428.348
44.5379     37.2267     -47.4135     75.1871     -10.9292     56.6636     60.0935     83.6062
14.1867     -19.7684     -177.402     179.088     -113.011     14.016     -272.439     295.37
38.0145     33.8461     17.3582     54.2557     39.0814     -94.788     79.3444     130.141
25.2664     25.4274     40.8254     54.5161     -97.1421     45.6699     0.845704     107.505
-14.244     47.5045     40.1428     63.9766     -52.4705     20.5475     337.604     342.334
29.5694     -36.9276     78.9804     92.093     -104.118     -27.8525     174.191     204.928
-21.9869     -33.4279     -491.539     493.171     121.617     -24.8626     -1150.05     1156.74
-22.714     29.4951     -173.06     177.085     -77.4318     -77.0495     -149.526     185.287
31.0533     -55.4682     19.3633     66.7043     81.1712     55.9727     12.8502     99.6734
36.7856     21.5133     -67.8532     80.299     24.6557     -106.278     -63.028     126.132
-27.1656     -5.75552     125.039     128.129     6.29031     -108.87     79.5473     135.231
0.71106     37.1675     17.3466     41.1966     -42.4669     64.2807     360.055     368.255
19.6207     27.7896     -54.3495     64.2348     54.1948     -108.577     -169.705     208.807
15.4873     20.6935     -224.434     225.936     -17.8426     -124.91     -1287.93     1294.14
-13.2     -21.7277     -4.13951     25.9585     101.194     -23.3877     136.349     171.601
-5.02069     41.202     14.6928     44.1625     -51.7357     41.7932     -123.927     140.712
-50.0395     -25.8725     -253.862     260.106     -40.3535     93.8289     -244.596     265.127
29.5642     -16.1447     -5.3032     34.4565     -8.55041     117.522     55.5402     130.515
-5.45178     -54.7303     289.794     295.011     96.0148     8.12977     513.77     522.772
-16.2943     -50.0683     431.683     434.904     -19.348     -53.1633     58.888     81.8342
-20.8558     -16.0158     -12.2305     29.5269     131.778     23.0843     -139.694     193.497
32.9857     -19.8155     8.27663     39.5953     66.661     -0.67732     -174.361     186.836
24.6299     28.2321     -53.8563     65.7373     60.6513     -11.9501     -451.842     456.098
51.3727     15.3803     34.4577     64.0178     1.02733     -92.14     90.2528     129.166
49.7238     35.3879     340.604     346.106     33.5798     -89.5141     438.013     448.436
-56.3571     -4.4606     -79.7119     97.8947     -15.2209     -61.9194     -362.258     367.877
-29.6393     5.38609     -62.1307     69.2911     -37.2298     -102.151     5.3944     109.287
-47.5273     -26.0522     -310.719     315.457     73.2545     -67.8096     -401.244     413.512
-39.5547     -30.2655     -135.05     144.072     87.0916     -57.2979     -174.845     203.634
-46.0855     31.5784     -150.656     160.811     81.0701     64.5538     -344.017     359.328
7.25379     20.871     19.8214     29.8613     -49.0608     -133.045     166.182     218.559
-27.8372     3.57809     -15.2968     32.1027     9.12775     70.4899     -39.4704     81.7404
-6.20995     -30.3791     -8.71266     32.3487     -54.4807     80.8381     -12.3469     98.5522
-32.7866     -40.0321     -50.2555     72.384     -65.6408     11.0452     47.5901     82.2199
-4.7524     -24.2641     24.2032     34.8189     105.568     83.2027     99.0591     167.131
60.3595     13.4301     27.9477     68.0426     -14.6845     85.9331     -37.9172     95.3718
-2.7312     23.0029     -53.2947     58.1694     85.4251     -86.2764     -163.347     203.69
-10.9496     42.3266     338.971     341.829     -88.3183     -24.3485     209.034     228.289
-18.3577     45.6016     424.392     427.262     66.2384     41.8922     168.323     185.774
-34.2088     13.4835     -64.4042     74.505     13.1566     -125.303     -125.575     178.007
-23.2871     5.21245     24.4778     34.4687     24.3499     -113.295     457.904     472.531
0.21271     -21.4424     -0.921434     21.8243     35.2522     132.245     39.3165     142.528
-44.3355     -59.5243     338.748     346.906     -64.0519     52.7755     650.502     655.801
-40.9011     -38.9485     42.2513     70.893     69.0885     -53.7872     149.031     172.984
21.1813     16.8272     0.119908     27.3732     89.858     -5.27391     -303.321     316.469
38.9483     18.1163     -852.429     853.532     -48.6888     83.9282     -662.985     670.111
19.1015     -11.9742     82.1538     85.2215     -94.7976     48.5806     546.661     556.967
-48.3995     8.80544     80.7643     94.7969     45.8717     83.5101     236.948     255.49
54.5613     -9.88752     4.7435     56.015     -7.63046     -90.2094     117.528     148.472
-74.1277     -17.1054     -840.453     843.927     -8.04991     82.3598     -677.175     682.285
63.6027     -35.3974     -341.263     348.98     -50.7846     -77.6594     -350.272     362.384
-5.04493     20.2024     -28.9192     35.7266     113.441     -59.9789     -32.9399     132.587
-38.6879     46.5491     42.8843     74.3743     -72.7804     -64.1565     146.438     175.759
-38.8158     63.5677     23.2206     78.233     69.0596     51.8112     102.3     134.012
-38.451     -42.2986     -1040.44     1042.04     -67.0321     46.555     -466.727     473.849
48.9612     28.9109     182.26     191.027     21.9523     -79.15     399.272     407.649
4.84998     29.2498     579.549     580.319     -63.7902     45.1294     322.027     331.433
-11.1341     19.5372     41.331     47.5519     1.58874     -95.6434     274.016     290.274
-9.70282     -47.1226     -18.0243     51.7149     -30.818     -61.1509     -299.309     307.116
-43.7191     -24.5155     208.654     214.649     -59.3101     6.5737     25.6939     65.2905
-28.4476     -13.4972     28.8124     42.8759     119.937     -38.6749     160.049     203.846
23.0386     28.3049     -3.19578     37.0154     -69.3698     62.3478     -171.715     195.751
-41.5628     -37.7574     -102.812     117.366     -60.2255     16.7743     -586.703     590.086
35.2672     -8.29733     119.337     124.767     -33.8935     -98.3205     95.0157     141.148
-30.5538     -20.2881     -174.632     178.52     93.6949     -76.618     -250.541     278.41
-52.368     29.9529     29.4568     67.5679     -38.4658     -82.2104     -20.7342     93.4264
-1.19198     -32.5979     -88.6324     94.5486     80.2382     -35.6977     0.404866     88.0696
52.0884     5.66814     192.243     199.363     28.1329     63.9447     1214.02     1216.04
7.76331     -34.0622     153.024     157.077     -120.674     47.8993     771.306     782.179
41.5419     -16.2063     2.82368     45.0539     22.1939     110.163     -79.9345     138.024
-45.8901     28.4769     230.684     236.986     46.2288     81.4756     135.035     164.489
-38.2854     -64.5292     -64.9761     99.3984     78.7045     -30.8924     -77.5357     114.921
-39.1524     12.6925     -5.88197     41.9412     -58.1267     13.2371     -248.412     255.564
-21.6751     24.6296     283.014     284.951     113.843     45.3413     420.33     437.867
-13.1345     27.1212     -26.2462     40.1529     103.33     12.2915     -395.428     408.94
-51.0173     -6.37853     266.911     272.016     -27.2911     -70.6774     1626.15     1627.92
35.5364     -10.0093     47.4581     60.3957     -2.30147     109.93     11.6168     110.917
-43.9021     21.2359     -107.099     117.748     43.8962     63.5084     -117.25     140.518
-10.0854     36.2223     286.023     288.519     57.7292     37.6123     122.099     140.328
50.7931     -23.5832     38.6096     68.3361     24.7533     98.7494     40.4805     109.855
-61.4252     -37.9568     -237.57     248.386     -34.2443     74.8041     -214.578     229.94
27.395     2.98019     20.4852     34.5702     -100.827     -67.6433     50.4754     131.762
74.2866     16.5619     594.806     599.707     22.5759     -77.3051     330.313     340.099
-21.7529     -18.4881     32.3652     43.3067     -2.77102     97.5262     235.083     254.568
5.79422     27.4664     56.9281     63.7294     -54.2419     33.6418     737.902     740.685
-13.328     -35.8432     586.517     587.789     86.8893     -6.0017     473.927     481.885
-58.4751     17.0537     649.966     652.841     -4.27887     -63.6773     580.488     583.992
-12.2638     -17.8924     185.496     186.791     32.4115     109.398     1187.05     1192.6
1.4852     -31.6202     34.4023     46.8713     100.311     64.4876     188.447     223.141
8.4647     -23.7222     -13.7763     28.9928     93.4468     45.7389     114.532     155.181
39.8836     15.9111     -42.9094     60.9473     -60.1631     97.2028     -276.036     298.862
10.1418     21.6486     -40.5559     47.2221     36.4671     -120.582     -291.984     318.089
38.3309     65.6832     188.999     203.85     60.2339     -48.3776     127.988     149.666
23.0232     3.4108     1.54381     23.5305     -56.5294     -107.955     168.276     207.834
-27.1872     19.7684     23.3776     41.2301     -8.02173     -103.625     204.326     229.326
15.7136     -16.0302     55.0035     59.4697     -84.3975     118.413     416.455     441.16
-21.8977     42.4431     -441.1     443.723     -50.0972     12.3622     -73.6271     90.1116
41.1532     60.3739     -185.723     199.658     63.9889     -48.8498     -100.979     129.322
-18.3807     41.6752     -136.497     144.002     -97.1921     -21.4231     -65.2735     119.211
-3.99292     -19.6951     -69.7715     72.6401     29.8961     130.09     -546.444     562.535
10.7316     22.1385     -41.551     48.5217     -117.312     -26.9596     -216.828     248.169
-14.3846     15.3503     73.679     76.65     119.558     -60.8923     584.116     599.379
11.0979     -37.5382     -69.2572     79.7094     -50.1046     -47.7316     0.874526     69.3788
32.8068     22.1506     26.1907     47.8213     -108.95     59.8029     44.8722     132.352
-24.9758     17.9118     548.369     549.242     -52.7732     -46.9999     265.087     274.378
-11.1079     16.8323     -72.0649     74.8806     24.7552     80.7162     -9.16637     85.0677
0.232742     -20.4133     -63.0717     66.408     100.657     77.319     -104.27     164.38
-29.0376     -10.215     35.3196     47.0644     35.2485     -101.053     -43.6384     115.896
45.8907     -17.6987     -325.962     329.707     11.0252     -77.5663     -102.647     129.278
13.3532     -16.0959     -54.5758     58.4792     -100.302     82.2936     -473.689     491.206
70.8667     -5.52559     -63.8155     95.7462     -15.4736     -73.4094     -23.7952     78.8182
-40.3721     -11.2118     -53.1309     67.9289     -53.6074     -11.4176     66.9604     86.6931
-26.1255     55.9267     17.3053     64.3205     -79.6838     -51.3402     89.689     130.683
27.1814     62.778     -124.391     142.086     82.4617     -43.1486     -220.976     239.894
20.8527     46.5415     -10.1361     52.3305     -109.105     14.6067     -20.3009     112.198
41.5263     37.6904     219.115     226.254     -33.923     69.2012     67.0474     102.387
-62.8358     -17.2846     -22.6852     69.2371     18.7843     -70.4188     56.2647     92.3887
30.744     58.792     403.309     408.752     70.9352     -41.1738     680.252     685.202
-10.1541     -22.4211     11.9761     27.6684     128.475     42.7296     -30.0856     138.897
56.1039     39.3888     599.75     603.672     -33.0272     65.3935     232.244     243.771
27.8213     -1.30777     4.03034     28.492     62.2412     43.2516     -247.244     258.668
-3.36544     50.5726     32.8373     60.6264     -100.419     -42.1389     97.9116     146.646
-24.398     7.64181     191.684     193.417     -24.6359     -106.062     160.168     193.982
32.247     -22.6384     -10.7496     41.1235     64.78     8.21669     -281.495     289.015
14.5164     41.6193     -1055.04     1055.98     -74.4092     50.108     -523.489     531.152
-24.0124     41.7393     351.541     354.869     -2.18799     61.3041     61.6531     87.1473
-28.2068     16.541     152.102     155.628     15.218     -117.759     397.552     414.959
43.8591     -0.54805     36.6863     57.2897     -23.5449     90.6937     50.2823     106.6
59.1411     -46.788     134.09     153.925     -58.9522     -55.8092     181.009     198.494
6.89363     -62.7089     -11.9381     64.4636     -64.9014     -8.84339     -72.1377     97.6663
44.1638     15.8208     113.992     123.485     53.9555     -12.5358     960.183     961.796
-47.6423     38.8365     52.0001     80.7162     79.778     64.9213     96.8856     141.424
45.8423     41.9455     -151.073     163.446     -54.4432     54.2856     -56.2243     95.4618
-64.6588     -25.2636     139.081     155.582     -25.2916     81.2682     315.521     326.842
-1.64714     -34.2395     -102.759     108.426     -88.0909     87.9212     -515.079     529.948
12.5072     -17.7675     -54.7125     58.9756     -68.2543     97.1227     -343.567     363.541
9.36327     20.8785     107.956     110.442     -68.815     -122.843     407.408     431.092
24.2606     38.4418     184.225     189.873     -110.74     15.4287     464.308     477.708
21.5818     -42.4357     -34.6223     59.0981     62.0828     -15.1459     -332.68     338.808
-65.7048     31.3387     35.3061     81.1751     -20.1823     -78.4512     73.0303     109.603
-16.9751     -31.5364     291.57     293.781     60.9585     -48.2394     168.329     185.493
52.4679     -9.91522     239.337     245.278     23.2062     97.2376     162.952     191.23
-31.5936     35.2141     41.0192     62.871     -54.6078     -90.9504     172.47     202.524
-25.8463     -40.471     -46.914     67.3813     -36.6237     -48.557     78.6031     99.869
12.9838     20.5019     -64.2446     68.9387     -110.86     -73.1139     -579.536     594.596
60.8     10.3091     212.397     221.264     -13.7209     85.8231     113.033     142.768
31.8607     -58.9842     -24.6845     71.8812     73.8097     29.1635     -144.996     165.383
31.9748     17.408     103.796     110.211     32.167     -91.7475     74.4029     122.61
37.0581     8.435     -9.28916     39.635     -36.0585     -106.974     -30.9118     117.282
-34.0917     -42.849     -72.0283     90.6909     -60.6023     41.7309     -365.898     373.321
-45.0845     27.9104     82.2278     97.9816     -54.5178     -41.3451     -20.6183     71.6773
38.8561     22.4404     38.7299     59.5881     52.3326     -79.5955     244.584     262.589
-45.9531     -9.01844     -243.521     248.032     -3.8635     57.8957     -152.514     163.293
-9.58301     -21.3482     24.3792     34.0553     -53.9343     -66.2405     908.7     912.733
42.993     18.4783     121.054     129.95     0.333108     89.991     24.3849     93.4079
24.6533     7.26215     68.736     73.4479     -76.4043     -102.262     185.031     224.829
13.3703     -20.075     -43.3241     49.7008     -76.1042     -47.4181     -0.704408     90.3029
-40.153     36.6848     -262.277     267.887     7.20497     66.5584     -1605.02     1606.43
46.7863     -25.3002     917.788     919.344     -0.280355     -65.2085     231.924     240.996
19.5913     -30.8385     19.1522     41.5549     -38.78     -71.6632     376.142     384.923
7.93746     -23.9069     -127.962     130.476     83.6306     -46.0866     -35.8136     102.322
0.594171     20.175     -76.5473     79.2869     -23.5715     -121.247     -342.054     363.72
16.8207     12.7892     96.8084     99.1689     -70.7968     -114.446     290.971     320.63
-3.58983     34.0772     12.8413     36.9284     107.316     -63.5659     69.5324     142.919
34.6269     19.1892     70.5891     81.0534     -81.126     75.5294     424.485     438.759
-27.2835     -13.8094     10.86     32.7689     84.8398     -78.9792     192.953     225.269
34.2653     -1.4141     -115.398     120.478     -73.6187     -82.1259     -356.608     373.414
-41.6307     4.24039     -695.352     696.623     -49.9105     14.4974     -130.183     140.236
-8.2774     22.091     0.782424     23.8674     -94.3541     -77.1788     -181.786     219.171
-32.1633     13.8862     320.111     322.051     -64.5387     -51.3231     125.051     149.994
73.6552     -7.63206     -381.729     388.873     -6.58818     -89.7214     -271.174     285.768
-1.22587     -44.7751     -22.1124     50.0531     2.46978     -53.4934     -320.844     325.341
2.99592     52.3854     50.5179     73.0055     -54.2669     3.98262     -6.03712     55.105
25.0372     -14.3647     33.7941     44.7389     -71.0688     -69.1197     -13.8786     100.261
-30.1661     -46.9966     728.621     730.777     94.9526     -43.1991     2079.95     2082.58
37.2218     27.2423     134.193     142.036     41.9604     38.8115     -11.0177     58.4916
-20.4964     34.3595     -52.8202     66.4017     65.7742     35.3446     -391.382     398.461
-9.87524     26.1264     -170.814     173.139     -61.3096     -100.347     -1822.36     1826.16
38.5173     39.8614     858.495     860.309     -22.0493     56.1401     193.664     202.935
34.1243     6.84663     177.596     181.053     59.9263     -46.8248     34.1914     83.5532
32.8442     24.5212     40.3638     57.6827     3.49784     49.4543     329.942     333.691
-2.48541     -28.4893     -17.5286     33.7251     -79.8535     103.175     -56.8193     142.539
-29.4536     -12.8699     27.6353     42.629     -47.4305     85.8148     -57.4956     113.829
71.6522     17.8673     108.654     131.505     -32.4074     77.5942     93.32     125.883
50.7621     3.38581     77.8165     93.1515     33.346     -52.4193     -30.2841     69.4406
-30.3916     -19.7437     465.987     467.402     101.842     -50.5897     745.991     754.642
10.5109     -21.1549     293.467     294.454     -25.3729     77.4764     628.434     633.72
6.03389     53.5738     64.3531     84.1404     -110.697     -5.72431     73.6177     133.284
-3.01484     -24.5289     22.4089     33.7139     -104.19     38.6977     483.16     495.841
23.1418     2.41198     8.67674     24.9581     -64.6578     -78.3216     -13.2322     102.622
23.6325     -58.7863     38.5181     74.6924     81.2907     51.4707     44.2046     106.063
-7.10685     -67.4372     92.6036     114.942     80.5032     1.298     153.434     173.357
-1.16081     56.1022     -168.277     177.533     -101.847     -7.10901     -152.88     184.033
-41.7612     -34.6484     136.685     147.158     -52.6259     16.9994     793.412     795.368
32.506     20.797     -1187.4     1188.03     24.4079     30.8151     -158.643     163.479
-4.83145     41.626     130.322     136.997     76.4952     49.0092     32.5123     96.7467
-22.4168     -32.1317     29.4659     49.1861     -72.0878     96.8233     129.547     177.208
-27.8235     -24.9031     -45.3313     58.9662     -40.1423     99.1001     -334.631     351.347
23.0648     17.9294     -12.356     31.8414     -128.002     13.6776     -13.3601     129.679
33.3113     32.2528     34.113     57.8276     52.5657     -93.4094     20.2926     109.291
-40.4021     -32.2235     113.326     124.699     86.4731     -59.8222     345.795     361.552
20.2215     0.00282047     -83.8912     86.3601     -104.951     -80.9613     -1121.55     1129.39
-26.8674     47.291     1.0246     54.6696     -68.2583     -43.7197     -94.2415     124.506
-19.4961     16.6011     9.49511     27.6677     81.8059     24.9088     150.948     173.611
-19.7193     -16.1884     -24.7637     35.6771     120.434     -47.6615     -24.7762     132.117
-21.4891     60.508     20.0059     67.375     69.4581     18.7214     69.8087     100.498
40.7229     -5.48134     228.829     232.536     -19.6226     106.058     270.088     290.9
39.1781     29.1847     -103.204     114.232     -52.7844     65.627     -66.0105     107.14
4.48312     -46.2206     -6.10361     47.1753     -3.4948     -64.7041     182.911     194.171
-41.1243     -26.7373     -18.73     52.7554     -42.6427     75.3044     -88.9658     124.338
25.0686     -31.3372     182.008     186.447     67.3097     99.4409     749.669     759.271
-9.94572     33.1461     -62.2528     71.4607     58.6044     -21.1603     -177.959     188.582
65.2818     -14.6499     134.382     150.293     20.7694     79.1103     56.5253     99.592
43.28     -29.7348     -102.309     115.084     -67.3729     -60.1253     -277.215     291.612
-17.4184     -40.0507     -319.272     322.286     123.408     -12.5895     -635.61     647.641
7.58285     -25.2102     399.107     400.004     -32.7882     126.862     1632.48     1637.76
-28.9893     16.5071     -25.9043     42.5109     -69.4868     -44.5309     85.3383     119.041
22.7467     27.9648     -60.66     70.7608     52.8599     -89.5322     -408.549     421.604
-1.17154     -28.0829     -15.2876     32.4964     96.66     10.5288     -301.212     316.576
-26.4078     26.3875     -5.37045     38.5966     -39.9949     -118.881     -0.530838     125.601
7.23288     51.5851     123.497     134.178     75.7475     1.63538     621.152     625.797
-33.3637     -39.6573     -18.58     55.2825     72.1827     -46.8536     30.0842     91.3149
41.874     12.9527     -74.6593     86.7116     40.458     -72.6179     6.85027     83.6979
0.487807     30.6321     21.0583     37.378     104.054     -18.3618     -63.2701     123.246
-18.3386     35.2231     -22.4114     45.8573     -95.8264     -21.9329     -311.55     326.734
-2.0592     -46.1398     21.5337     51.4388     105.131     35.3381     27.7946     114.609
-44.4764     -21.2504     29.3078     57.5611     33.8344     -84.4175     239.399     256.146
31.9688     -21.0335     22.1492     44.8521     -102.486     -48.779     149.347     187.875
15.962     -17.43     -92.7557     95.8219     -124.112     -14.0051     -153.967     198.331
1.24189     -27.206     -10.3861     29.44     -83.8774     103.568     -106.681     170.915
30.3499     2.52245     -249.804     251.692     -58.3748     105.244     -411.743     429.037
-46.7242     -63.047     340.385     349.347     -54.7439     56.3271     444.525     451.456
-29.1287     15.2694     -52.7367     62.2739     41.3392     91.3708     0.793304     101.074
-7.32063     -35.5315     10.1114     38.0941     111.698     43.3535     41.2771     126.939
24.8752     46.3251     -2.21727     52.8707     72.4089     -67.8363     -63.5033     117.939
-20.8576     -24.7886     -84.6144     90.7142     107.742     -25.5542     -198.195     227.108
-11.2532     49.2132     -266.625     271.436     104.993     -15.2199     -414.072     427.514
50.8424     1.10453     -401.555     404.792     -6.77895     98.9671     -1621.42     1624.46
-64.8481     -1.95958     -149.722     163.261     14.3404     -87.877     -359.466     370.387
-21.9197     -54.4215     32.6091     67.3738     -87.9104     50.6742     33.4514     107.006
-20.8909     -25.7611     33.37     47.3192     122.029     -11.2719     44.7742     130.696
29.9729     51.3586     -43.1684     73.6626     72.999     -14.144     43.8347     86.5079
-8.65913     -41.2556     -100.441     108.969     104.982     6.67801     -119.535     159.285
-16.8874     29.1302     -25.8388     42.7867     -69.4305     -27.2623     50.2505     90.1163
-47.8326     32.9611     -56.2301     81.1519     31.8389     55.7161     5.88851     64.6564
-36.7063     25.1937     -1610.76     1611.39     -63.7706     17.9408     -360.64     366.714
-6.10363     71.7712     -159.49     175.128     85.1056     -5.18198     -138.58     162.88
-18.5599     -19.7678     -29.033     39.901     -18.7968     107.703     -366.526     382.539
8.07241     22.9134     -42.7656     49.3308     -81.0671     47.1933     -964.64     969.206
56.4339     19.9878     329.143     334.596     26.1884     -104.114     410.458     424.3
-12.1034     16.8041     -1.82806     21.2634     -55.1216     21.2515     235.777     243.102
-9.87315     -26.8022     -85.7593     90.4827     -70.2495     103.892     -748.127     758.615
-32.7395     22.8395     -22.7829     46.2127     101.905     70.3976     -13.228     124.788
-36.8584     4.38358     2.98582     37.5213     44.86     -119.781     48.1849     136.79
-33.6747     58.5374     168.241     181.56     70.8521     31.7724     128.865     150.593
-45.6358     -11.8916     35.7797     59.4248     -33.7757     -61.9558     -83.3179     109.316
37.9877     22.3748     61.0997     75.5667     -74.6709     77.9028     330.615     347.93
-46.7016     -2.90921     -76.0057     89.4855     -29.0593     63.3827     -477.006     482.136
-48.58     4.03068     766.865     768.463     -33.1198     82.3646     340.287     351.733
3.30615     -46.9534     64.4962     80.0294     -82.1238     -39.8807     534.828     542.604
40.321     -6.98466     530.292     531.886     20.0172     -37.4911     85.1868     95.3134
67.256     -19.1832     -61.9109     93.5699     -30.437     -80.0063     -38.7169     94.2963
53.1778     14.3899     195.239     203     -46.1253     91.4487     395.476     408.577
22.9495     52.295     59.8058     82.9748     -94.9546     26.3101     204.128     226.763
10.6976     -42.1092     51.0638     67.362     -32.8033     -57.6741     531.524     535.679
42.0252     9.05384     134.39     141.197     19.8387     65.4415     10.7569     69.5312
-22.8706     -2.08452     85.638     88.7409     -61.8511     -51.7001     4.9432     81.0647
-8.32648     57.2391     6.72142     58.4775     103.686     -5.91966     -6.26856     104.515
-28.0287     -5.65768     -221.433     223.34     106.144     79.1958     -633.604     647.402
38.1145     -30.4026     9.77073     49.926     -92.6327     -65.563     1.12062     113.838
-35.8649     -20.3075     -123.048     129.876     -61.802     26.1339     0.345605     67.3882
5.93271     -41.1747     27.3261     50.0649     -99.8414     18.665     183.489     209.812
-22.1814     -13.3629     -67.8356     72.75     85.9867     104.993     -446.174     466.411
-22.9086     -10.0989     70.0255     74.5399     117.789     67.7479     315.055     343.483
68.9197     3.63609     -138.802     155.138     -0.69012     88.0813     -362.643     373.232
12.5111     33.8203     -25.2067     44.2125     -105.864     13.2649     43.2233     115.285
30.2838     23.4901     -95.0379     102.594     5.65968     43.4434     -712.235     713.591
20.9868     15.7513     -77.9799     82.4404     -114.918     -74.936     -362.194     387.685
-27.2076     -14.8481     -259.74     261.6     -49.9764     65.7415     -150.223     171.767
-2.68794     31.3895     -66.1508     73.4259     99.6311     -72.1339     -118.456     170.885
-21.6833     -53.8669     484.149     487.663     70.4749     -51.238     230.334     246.345
25.3984     16.0984     -28.047     41.8129     11.0158     78.4383     -598.124     603.378
21.0037     -5.94137     -197.961     199.205     -123.697     29.2397     -515.919     531.394
-19.373     -16.8144     -173.261     175.204     96.0145     91.5367     -829.52     840.085
-20.5653     39.0716     -9.58365     45.3817     113.799     9.02435     -15.9767     115.534
20.9493     43.1398     -170.011     176.717     -120.779     22.2515     -350.124     371.223
21.1743     30.7342     38.5205     53.8161     36.242     24.4993     -48.0254     65.1972
-21.6386     -6.97932     -562.912     563.385     -45.7362     -66.9092     -233.675     247.4
45.5372     -33.5499     58.5197     81.7732     41.0805     89.0972     37.1281     105.214
-22.2827     -30.9508     200.465     204.168     -72.6067     -20.6226     41.99     86.5982
36.0395     -4.36913     -58.7655     69.121     37.2575     -65.1799     24.4141     79.2008
-60.0152     35.233     -6.35007     70.1573     -35.4773     -83.6635     -42.175     100.451
22.2983     -20.1051     -89.5685     94.5561     -72.5102     -75.3627     -37.8094     111.483
21.5084     2.71563     14.5348     26.4211     23.3275     -94.3105     -163.243     190.068
46.438     7.86734     -8.18244     48.4503     -1.16243     -109.726     -100.888     149.19
5.41698     70.1961     253.862     263.515     -81.5963     2.52893     149.567     170.464
-20.1731     12.2729     -113.057     115.574     -2.94631     -120.642     -1232.5     1238.42
33.3397     -14.9354     -37.3434     52.5364     2.31839     -91.1467     -550.017     557.556
33.1587     -31.3429     424.397     426.882     28.4459     -50.0001     66.6651     88.2303
2.95413     30.4492     -76.2797     82.2534     -105.158     -48.3515     -644.397     654.738
-32.9655     9.20496     70.5038     78.5195     74.236     82.7596     74.5492     134.001
-44.3152     -34.8626     -236.707     243.388     -52.1351     47.5111     -71.9758     100.982
26.5813     -29.5718     43.8632     59.3338     70.1187     84.7708     89.7646     142.096
-15.9329     -12.9104     31.5521     37.76     130.792     20.6048     115.952     176.227
-47.6249     -37.6636     -0.641865     61.0207     -33.7561     57.2021     -40.9155     78.1485
-17.2657     -69.2021     -98.4659     121.746     90.9866     -22.3274     -58.0928     110.431
-34.5114     5.57461     69.4423     77.8734     76.8671     99.5432     232.338     264.329
-8.82248     -37.5048     34.1561     51.7305     -44.7841     -51.1598     -89.0086     112.401
-44.5319     -18.524     -14.5623     50.5022     31.6404     -70.057     -93.0549     120.828
27.7534     24.5771     -67.2799     77.2791     -67.313     67.9734     -631.872     639.105
27.941     -21.908     61.2638     70.8664     -11.1068     -75.9147     -11.5289     77.9284
22.96     10.6845     36.0003     44.1591     -99.2681     66.5447     590.08     602.092
-42.9489     18.6947     -45.0626     65.1755     -4.40158     -106.339     -71.3643     128.253
-52.1766     -14.1672     414.971     418.55     -11.2886     59.252     920.77     922.771
-66.3906     -38.5224     -57.5995     96.1449     51.0578     -77.2043     -85.9762     126.735
21.67     39.2012     63.6925     78.0175     57.8895     23.8523     -48.6021     79.4365
24.632     -46.9855     35.0443     63.8046     60.5959     27.1842     178.192     190.214
-38.6078     22.625     -27.6782     52.9367     -58.906     23.2845     108.495     125.77
-44.5633     2.23231     4.90563     45.062     -27.0335     69.05     172.283     187.668
-30.9222     21.3871     -223.46     226.664     -6.08256     75.2435     -57.1641     94.8334
33.7739     11.6403     585.364     586.465     42.7033     12.78     97.4864     107.291
13.9033     -31.1739     12.2367     36.6787     75.6932     60.7251     -98.0664     138.129
-32.155     30.0754     175.084     180.594     -39.677     -107.549     523.57     536.01
-61.5761     -37.4078     -283.911     292.977     55.9467     -68.8365     -449.164     457.874
-38.9976     0.822335     -10.5301     40.8394     -23.5949     -63.2989     114.37     132.913
-78.5208     18.8395     69.5175     106.848     -13.9218     -81.8472     95.9359     127.102
7.75474     58.5327     -24.5339     64.1354     99.0366     -26.2531     -54.6622     116.33
-32.6723     5.16578     54.0717     63.8277     70.2189     100.973     60.9075     137.435
-29.2999     -1.71991     -230.397     232.284     -43.472     -80.2158     -101.73     136.79
14.9824     41.4997     33.9738     55.8316     79.4999     -25.3068     -31.1133     89.215
35.0545     -43.9409     -11.4122     57.6198     72.1497     24.7088     -175.987     191.923
46.0132     13.1321     154.372     161.722     13.6055     -114.29     697.74     707.222
-31.4661     -44.2124     -174.717     183.038     96.3761     -38.7875     -481.981     493.178
29.487     -3.8184     3.93891     31.0255     -46.8915     -100.125     191.515     221.223
-47.1506     -1.46443     -91.303     102.957     7.40997     -88.1478     -28.971     93.5456
-27.3379     -38.7273     -34.915     59.0829     39.8706     -58.9024     49.7281     86.9134
28.8514     -54.1489     -196.427     205.88     -91.644     -31.7906     -460.033     470.201
-5.5231     -48.0354     62.2832     79.1954     -70.705     -9.49674     401.294     407.616
66.5936     3.30023     -43.3051     79.6944     -17.6     86.1263     -78.6627     118.131
-31.5301     -24.5732     -753.08     754.157     -53.18     -12.1145     -126.808     138.141
-4.36962     26.6426     242.576     244.124     -82.5688     -6.8789     149.82     171.311
-23.9905     8.90358     9.23064     27.3573     99.2996     64.4893     149.612     190.882
4.49233     -72.0513     114.556     135.508     80.3751     16.4958     130.346     154.199
-3.34872     -47.7516     5.14922     48.4601     15.4284     -60.8254     218.671     227.564
-14.7127     15.2062     -23.8169     32.2126     12.4778     84.7901     116.384     144.633
-3.51021     21.8084     481.984     482.499     105.754     -16.5909     590.351     599.995
-11.3428     -53.5199     -40.2517     68.1716     -86.5046     30.9424     -186.738     208.185
-45.0175     16.8842     311.947     315.673     55.1378     82.5662     1070.31     1074.93
24.966     28.1214     -57.2536     68.631     65.7097     -64.0951     -295.881     309.877
6.8565     23.0631     -10.4787     26.5586     65.7237     -114.226     45.7453     139.682
-53.0159     16.7435     -129.739     141.255     -18.4549     -105.694     -171.981     202.884
54.1844     -1.33353     -92.5593     107.478     -30.3969     -98.0001     -125.26     162.135
26.8718     -6.59059     676.131     676.713     43.2233     -54.2655     237.311     247.318
-60.1725     -8.05338     22.5589     65.1     21.3605     -88.9119     -25.8563     95.3331
-2.67994     -22.0597     33.1453     40.089     67.6448     102.488     437.117     454.09
30.1689     -28.0122     -119.232     126.23     13.2072     -57.5435     9.8269     60.1323
27.927     -5.82252     -583.155     583.876     -78.7005     81.8444     -1025.04     1031.32
-43.6095     -15.9173     250.088     254.386     17.3352     -82.4684     152.295     174.164
-12.0811     21.3156     -48.0147     54.0214     88.2188     -99.8619     -142.303     195.058
31.2836     45.2977     294.152     299.304     -42.0938     50.5721     76.0261     100.756
-3.51078     -39.0234     -89.562     97.859     69.793     37.728     -160.992     179.565
-66.9944     -3.58792     -29.2675     73.3846     10.9909     -74.4908     -120.742     142.418
-43.5367     26.8345     252.658     257.827     -7.5094     57.7912     42.0752     72.0756
30.1387     -17.1642     50.494     61.5483     2.50564     114.24     364.054     381.63
10.0239     -25.9429     -172.463     174.703     -116.608     45.1822     -556.041     569.984
46.0746     15.4943     -87.0341     99.864     -35.4408     89.5154     -444.266     454.625
30.9614     38.3945     20.2031     53.6599     80.9448     -17.4281     241.87     255.706
-30.0743     -15.3684     -14.6288     36.9469     -43.4628     11.1863     72.4401     85.3715
43.8447     -26.2967     -112.521     123.768     -21.9199     -72.3604     -9.77311     77.0548
12.105     -22.2257     -34.9963     43.3529     -58.3644     123.404     -148.287     201.677
-3.75047     35.8785     -18.6503     40.9358     82.3638     32.2432     114.771     145.112
-17.0109     20.3778     100.246     103.721     14.3715     82.2756     13.9426     84.9076
21.7728     -12.6924     -100.051     103.205     -65.9104     -94.1145     -1048.42     1054.71
8.99878     36.52     -68.6757     78.3455     91.0229     -86.4439     -212.049     246.539
-19.1419     -7.01153     80.7058     83.3795     86.6468     85.5194     130.436     178.676
-34.7919     3.23556     -75.0317     82.874     28.0824     -111.952     -602.822     613.806
38.5611     25.7575     40.8008     61.9714     -33.8366     78.9866     319.498     330.869
-19.9432     -18.037     68.5374     73.8484     82.1655     -39.3545     46.1847     102.599
-36.3242     5.14587     13.9996     39.5323     -26.6308     -84.2299     270.72     284.829
-16.1965     -25.5196     91.9071     96.877     -62.04     99.9694     97.3503     152.81
-31.2716     -25.1758     -172.628     177.333     67.3141     -24.8267     -424.957     431.014
-25.7303     -7.96909     35.3091     44.649     -52.181     78.8583     -57.4909     110.957
11.8731     -33.8367     59.3839     69.5243     -115.415     11.6299     67.5409     134.566
12.8292     70.3448     -622.28     626.408     -79.7695     12.7475     -1324.8     1327.28
-15.8475     33.6098     16.8259     41.2206     50.5644     59.2936     293.332     303.568
-13.9266     -49.272     185.258     192.236     91.2524     -4.23244     251.494     267.659
-20.7637     18.0357     -78.5718     83.4087     47.4942     -116.361     -679.803     691.364
-2.86464     -50.4436     65.1418     82.7001     -100.726     1.45103     8.74524     101.295
35.9279     24.0936     43.5708     61.5863     65.8841     5.72415     523.179     527.375
-18.2596     -40.2678     54.6726     70.5677     108.078     -18.7547     303.049     322.371
-48.1     2.70981     9.63829     49.7202     -30.2079     -42.7878     159.512     168.01
18.4246     -50.8386     57.1876     78.9467     79.6778     52.2889     168.166     193.372
23.9223     -42.1336     -10.8129     50.0393     61.7611     45.4092     -58.4172     96.8574
-19.0648     -66.0411     -295.42     303.39     77.8882     -33.0223     -879.156     883.233
-5.33895     26.2031     22.0128     34.8813     10.1489     43.8931     -69.3878     82.7722
-46.9083     24.3827     -9.75382     54.0576     -25.6168     -105.556     -32.1593     113.428
56.2616     24.9575     -221.373     229.872     48.4576     -62.1205     -73.9244     108.268
43.5113     17.2274     -155.825     162.789     0.227466     62.1274     -24.3852     66.8538
21.1155     -8.43176     -501.829     502.366     61.854     -64.9004     -231.387     248.253
14.2865     68.4693     229.071     239.601     -76.2031     29.1737     90.8965     122.289
8.59787     35.4705     106.376     112.543     -117.125     -41.9515     506.807     521.91
28.8677     39.8877     28.5112     57.1503     81.0953     -63.029     181.933     209.086
23.8628     -66.0649     278.396     287.181     69.7448     38.9261     179.327     196.451
17.8059     20.1505     239.405     240.944     31.4788     -101.892     397.701     411.78
14.7281     62.5415     5.48606     64.7936     -94.9167     1.64913     4.75367     95.1965
-28.3665     38.8816     44.4263     65.6476     74.0128     64.799     298.382     314.316
-6.11515     -21.3632     -5.97047     23.4117     -86.9798     0.0690552     -383.887     393.67
-25.0187     49.9256     -58.8054     81.2599     58.4788     56.8462     24.9354     85.5708
-9.19587     -39.4575     91.0908     99.8673     32.6976     -53.5899     -21.2621     66.6359
-1.16829     -37.0926     46.1754     59.3366     83.0888     22.1005     241.669     256.599
-34.323     46.6779     -106.167     121.142     70.3882     55.3257     -374.489     385.099
34.4664     -6.20481     -82.4558     89.6527     -93.1348     -86.4398     -288.185     314.999
30.672     17.6378     -39.8256     53.698     75.0914     11.7982     -687.282     691.52
-20.4004     -18.0253     6.56501     28.222     25.6622     -94.2369     -211.943     233.522
-18.1379     -39.3721     15.4     46.1063     -90.859     67.5284     103.133     153.286
10.8911     -27.3255     -99.9539     104.273     -112.301     61.6934     -389.136     409.764
-41.0332     -20.0901     35.837     58.262     -15.4963     97.6264     72.6624     123.176
33.2841     -37.4878     199.229     205.495     61.8134     88.5224     748.762     756.535
-0.361894     44.2322     -40.146     60.1159     -99.8264     2.17308     29.0701     104.319
52.134     23.6608     118.781     132.009     -32.8399     77.6251     478.381     485.783
-6.97704     34.8738     -48.2468     60.1083     110.206     -12.537     -155.177     190.877
43.3815     -18.612     300.616     304.418     8.45112     -71.0229     77.8528     105.869
-33.3018     12.0726     -89.0559     95.8799     29.6765     92.6733     -44.4405     107.124
-23.7081     25.7438     3.59423     35.5856     -59.594     51.2167     -248.523     260.763
41.5565     -31.4479     312.281     316.658     -89.812     -66.9113     634.126     644.05
-21.0855     40.1658     -50.8137     68.1781     61.3188     29.945     -10.3391     69.3435
51.5587     5.85084     -3.50635     52.4356     47.0265     -52.9864     157.97     173.243
53.0993     -16.8772     48.5487     74.135     -48.8951     -97.5929     62.8927     126.279
-27.504     -4.34137     37.463     46.8218     42.1188     -108.879     -21.7041     119.044
-42.3484     -6.72184     -138.345     144.907     1.14062     97.7645     -99.9821     140.034
-27.5825     34.9354     118.212     126.372     111.607     29.4127     255.683     280.579
-25.2327     24.2714     -166.893     170.601     71.6364     82.5336     -138.119     176.231
21.1177     -4.985     -244.275     245.258     -47.2536     -99.3175     -265.144     287.136
9.93908     -39.3059     -211.526     215.466     -19.8551     -77.2668     -43.5487     91.3144
-32.5521     3.02596     -144.34     148.01     73.8897     107.756     -372.688     395.015
-31.4657     -0.0184388     -60.4537     68.3047     -26.7466     85.4893     28.4805     94.2776
-41.0863     48.02     1224.6     1226.23     49.597     59.8934     574.935     580.196
-16.8379     12.032     -534.132     534.546     39.9775     86.9306     -371.834     383.984
30.1972     -3.94381     -474.936     475.925     -57.8838     116.396     -1665.01     1670.1
55.2607     13.2445     33.2633     66.095     33.7638     -86.2194     -44.2231     102.961
-50.18     -13.2448     237.333     242.959     -17.8742     88.6684     755.753     761.18
-54.9663     19.7454     -79.1421     98.44     38.8006     89.329     -102.354     141.384
9.02491     56.9447     -198.271     206.55     60.2995     6.36719     -697.766     700.416
-44.4411     8.84992     -51.4294     68.8128     55.2236     101.765     -75.953     138.575
-23.6353     14.7542     -155.135     157.692     76.2875     -102.406     -407.488     427.064
44.3729     -25.2894     557.377     559.751     59.2539     6.285     98.0189     114.826
2.88841     -44.4686     46.3884     64.5223     -91.0318     -5.39048     262.21     277.675
76.4435     6.21841     103.208     128.749     -10.7747     85.9657     67.5713     110.127
28.9585     0.325123     -80.1552     85.3352     21.5665     83.8808     -4.87205     86.9234
