px(1, true)   py(1, true)   pz(1, true)   E(1, true)  px(2, true)   py(2, true)   pz(2, true)   E(2, true)   px(1)   py(1)   pz(1)   E(1)  px(2)   py(2)   pz(2)   E(2)
-372.754     -818.46     757.51     1175.87     -66.6894     -93.1452     152.795     191.031     -64.1246     -89.7153     147.05     183.962     -375.429     -822.036     763.667     1183.41
-879.997     -410.015     220.089     995.474     -29.0619     -14.6829     33.5158     46.9737     -29.49     -14.6167     32.5594     46.6787     -878.889     -409.875     220.484     994.662
-143.107     -38.0327     147.519     209.072     -847.562     -147.137     490.521     990.275     -125.295     -33.2112     129.472     183.273     -863.832     -152.049     507.259     1014.01
-150.555     -100.955     24.3807     182.965     -527.564     -637.242     -7.2807     827.331     -122.289     -80.7618     20.563     148.075     -553.379     -654.682     -3.33098     858.533
-279.499     827.288     159.89     887.757     -74.1834     123.593     -13.5569     144.863     -70.8363     118.314     -13.1047     138.636     -282.791     832.649     159.345     894.005
87.7625     -43.4394     -27.6567     101.868     906.526     -131.806     -526.571     1056.63     86.9655     -43.0033     -28.5352     101.35     684.56     -100.492     -397.026     797.795
69.9316     -102.761     -12.313     125     218.649     -859.8     36.1412     887.915     68.2889     -101.916     -11.7116     123.511     220.189     -860.578     35.4594     889.201
108.885     -106.89     48.7981     160.268     398.427     -756.575     139.687     866.421     108.279     -106.57     48.0398     159.439     398.458     -755.791     139.834     865.859
-405.927     -846.565     -178.579     955.7     -56.8648     -49.0548     2.47598     75.2938     -55.5817     -48.4239     2.28609     74.0111     -383.324     -797.053     -168.584     900.521
534.365     734.964     -406.841     995.621     27.6968     108.179     -37.7643     117.979     27.6867     105.988     -37.1749     115.867     534.335     736.97     -407.293     997.498
435.229     771.794     -1049.84     1373.78     23.288     132.91     -186.392     230.157     23.0956     130.896     -183.197     226.409     402.17     715.449     -973.703     1273.58
-57.5466     864.394     1185.26     1468.11     -57.8519     129.869     183.341     232.055     -56.6512     128.431     181.494     229.496     -58.6397     865.681     1186.55     1470.1
-91.2541     152.235     158.153     237.778     -289.587     774.398     462.678     947.443     -82.6326     136.806     142.782     214.37     -212.297     561.134     342.484     691.46
162.016     -27.6402     50.9754     172.148     813.913     -222.92     560.314     1012.98     147.448     -24.8837     46.2799     156.654     828.474     -225.681     565.009     1028.46
-35.0115     109.36     -234.867     261.479     -369.796     812.214     -1185.68     1484.02     -31.689     100.867     -216.195     240.749     -372.971     819.433     -1202.65     1502.61
-43.4731     63.4406     -25.3426     81.1166     -289.532     879.745     -689.522     1154.66     -43.3032     64.4415     -26.4925     82.2551     -258.805     785.717     -615.495     1031.37
-36.201     -36.3073     44.4679     68.038     -220.59     -951.347     895.821     1325.23     -34.4691     -36.2884     44.7809     67.5114     -220.431     -949.234     893.714     1322.28
61.8384     98.4383     -124.077     170.095     211.811     871.367     -1256.12     1543.37     60.9972     98.0133     -123.308     169.002     208.012     853.716     -1230.27     1511.96
721.606     682.745     -108.734     999.351     24.5332     -0.0255765     -8.56033     26.4234     18.4191     0.472399     -6.90861     19.8987     721.43     682.326     -108.725     999.001
-324.928     -902.679     -872.249     1296.63     -39.2345     -40.0334     -78.0618     96.2222     -37.9566     -40.5461     -74.7784     93.4815     -325.013     -900.551     -871.937     1295.22
-14.7354     -55.5946     25.9634     63.2854     -646.152     -697.117     656.908     1155.44     -9.27896     -38.9504     17.5083     43.8899     -646.757     -699.509     658.24     1158.12
-776.591     -551.64     -269.795     990.057     -31.0679     -61.6429     -18.642     71.6633     -29.174     -58.1606     -17.873     67.5635     -744.131     -529.215     -258.508     949.147
743.52     629.755     8.19153     974.425     14.5206     29.3089     -18.4526     37.8602     14.5618     28.3902     -17.2902     36.6529     741.393     628     8.072     971.811
-253.031     889.1     -365.492     994.048     1.28594     86.7024     -67.0257     109.702     1.18016     82.4465     -63.6956     104.328     -252.615     892.925     -368.379     998.956
-801.584     -94.8898     28.855     807.711     -197.978     38.1015     13.6994     202.133     -170.149     32.6861     11.4366     173.699     -819.578     -91.95     29.8541     825.924
-1.4299     -30.9974     -10.6609     33.1599     434.105     -882.388     146.147     994.202     -1.58189     -29.1312     -9.90662     31.1331     433.301     -882.054     145.331     993.519
47.5776     965.827     -46.3588     968.12     22.1106     42.9972     16.298     51.2475     21.5408     41.8718     15.7389     49.9448     48.3331     966.181     -46.0262     968.587
-155.286     -55.9988     -120.128     204.214     -853.834     -51.0335     -453.39     968.103     -155.982     -55.3294     -119.967     204.545     -597.74     -36.5777     -318.388     678.417
-203.558     -25.605     31.0193     207.549     -733.262     -329.175     56.344     805.746     -114.361     -12.8134     17.4128     116.429     -793.843     -338.583     65.2354     867.668
852.233     315.939     -2126.44     2312.55     90.9671     59.6603     -177.23     208.01     85.2717     56.3459     -166.633     195.56     777.181     289.299     -1937.98     2108.11
86.6251     110.573     6.74689     140.709     699.485     512.561     -156.789     881.251     77.6939     99.4618     6.05008     126.473     708.109     523.598     -156.062     895.141
178.526     2.27052     360.499     402.318     826.973     -173.12     1303.89     1553.71     163.517     2.41433     329.445     367.842     706.712     -144.969     1123.35     1335.46
924.323     -246.445     1033.81     1408.5     49.9282     -6.77667     104.918     116.488     51.0152     -7.7768     103.569     115.928     919.548     -245.257     1029.26     1401.88
28.8446     73.4301     32.1313     85.3197     676.112     653.544     223.954     966.657     12.5754     31.5776     12.9862     36.4875     467.819     455.166     157.349     671.561
-585.061     593.357     -1015.04     1313.28     -119.069     119.588     -306.339     349.779     -104.009     105.642     -271.152     309.041     -599.897     606.876     -1049.59     1353.22
-174.873     13.7367     -178.4     250.238     -839.321     88.308     -1295.12     1545.84     -163.279     13.5661     -166.128     233.441     -850.706     88.4697     -1307.27     1562.39
428.449     -675.795     369.167     881.235     63.1864     -198.152     135.556     248.304     58.8299     -181.738     125.488     228.61     428.547     -677.733     370.178     883.347
653.42     588.375     378.7     957.382     129.852     57.0003     85.0819     165.446     128.082     56.2265     83.4861     163.007     655.115     589.022     380.234     959.661
-778.016     307.961     -530.119     990.554     -162.875     62.697     -184.571     254.065     -102.057     37.7845     -118.121     160.622     -787.416     312.63     -560.948     1018.22
-77.5813     919.648     -460.769     1031.55     -0.16982     90.2428     -5.66608     90.548     -0.631768     89.0463     -5.78261     89.4376     -77.1194     920.845     -460.652     1032.66
65.1928     -170.552     193.93     266.402     85.1396     -834.184     684.815     1082.64     60.4005     -159.012     181.248     248.622     86.3539     -837.106     687.78     1086.95
-13.3325     95.6349     0.652374     96.6812     253.417     876.8     28.0957     913.132     -12.3323     96.1543     0.778297     97.1857     252.345     875.15     27.8451     911.274
680.766     579.231     72.8754     896.819     122.898     43.9192     17.5292     131.769     101.699     35.7035     14.21     108.875     701.637     587.448     76.1707     919.358
-372.169     -808.987     -1685.1     1905.92     -28.473     -116.864     -325.333     346.889     -28.2127     -114.812     -319.153     340.407     -354.871     -772.696     -1611.66     1822.31
29.79     -939.141     97.7338     944.695     -32.9136     -76.833     1.41958     83.7357     -23.9094     -56.039     0.654303     61.1072     28.6939     -941.314     97.8955     947.069
-160.64     -123.259     121.826     236.352     -749.596     -326.122     677.273     1061.59     -157.896     -120.979     119.737     232.23     -752.339     -328.402     679.362     1065.71
7.49867     -27.7267     0.232518     29.1221     -396.915     -911.88     289.447     1035.79     5.7467     -21.5115     0.126225     22.3654     -395.83     -911.14     289.311     1034.89
65.1597     -42.6522     -190.144     205.531     865.744     -367.192     -1429.85     1711.39     62.2746     -40.1884     -179.69     194.491     868.591     -369.608     -1440.16     1722.26
-5.20799     112.409     -49.738     123.125     251.644     872.486     -199.303     929.678     -4.55107     109.356     -48.4841     119.853     250.987     875.539     -200.557     932.95
-94.1573     34.6777     -32.0536     105.445     -911.576     7.47895     -82.2189     915.32     -90.8195     33.0641     -30.9626     101.664     -914.34     8.8919     -82.7925     918.291
88.4346     -12.9244     -122.204     151.474     883.939     257.374     -1143.53     1468.09     87.1236     -12.0693     -120.482     149.314     633.162     183.398     -817.555     1050.38
-61.8891     825.379     -166.798     844.349     -46.138     180.535     11.7353     186.769     -30.5739     110.997     7.61717     115.43     -77.3968     894.673     -162.811     915.405
17.6269     -35.538     -3.61672     40.1221     689.685     -682.428     433.167     1062.56     16.4063     -33.2351     -3.72141     37.5882     507.4     -502.422     318.534     781.915
-14.3724     -102.953     119.662     158.581     64.1289     -900.779     617.216     1093.84     -13.661     -101.305     117.279     155.728     63.4175     -902.428     619.599     1096.7
129.713     103.47     -64.2383     177.992     761.285     374.05     -108.42     855.13     116.135     93.1481     -57.9213     159.855     774.863     384.372     -114.737     873.266
-790.567     152.491     -606.313     1007.91     -206.711     -12.4056     -112.941     235.928     -201.458     -11.826     -110.223     230.041     -759.942     144.976     -582.795     968.842
722.291     -468.387     654.646     1081.52     94.0483     -122.158     108.145     188.377     87.2443     -114.082     101.412     175.888     729.095     -476.463     661.379     1094
100.189     118.238     -3.1732     155.085     572.116     646.954     -315.677     919.533     89.1599     104.912     -1.84653     137.781     576.495     652.266     -316.155     926.388
-120.034     -33.2544     -136.164     184.602     -899.052     34.4001     -1281.97     1566.19     -115.701     -32.3092     -131.763     178.383     -903.385     33.4549     -1286.37     1572.41
-163.339     114.253     174.313     264.842     -550.287     611.346     961.842     1265.59     -158.569     111.848     169.596     257.847     -555.057     613.751     966.559     1272.59
864.026     197.095     -477.484     1006.68     128.492     6.48621     -25.0021     131.15     125.669     6.52439     -24.3577     128.352     866.849     197.056     -478.128     1009.48
-852.377     -58.7304     1560.69     1779.26     -158.988     41.6168     326.493     365.554     -138.734     37.7879     284.63     318.899     -872.817     -54.8913     1602.87     1826.29
-192.06     39.4174     84.5194     213.559     -725.977     382.282     473.571     947.351     -181.593     36.7682     79.9289     201.843     -736.444     384.932     478.161     959.067
-57.1491     -17.3194     -49.312     77.5931     -897.805     -339.578     -238.672     989.118     -56.7218     -17.0038     -47.697     76.2462     -897.411     -339.796     -239.538     989.222
-44.337     47.669     -58.7669     87.8333     -571.183     741.23     -307.425     984.989     -44.4261     48.2952     -58.7921     88.331     -571.093     740.604     -307.399     984.492
-51.8987     65.5093     -24.1423     87.1254     -838.217     411.23     -228.639     961.257     -51.3219     64.6455     -23.6784     86.0798     -838.793     412.093     -229.102     962.303
28.3802     8.73263     -24.1295     38.5612     934.342     285.383     -37.3719     977.68     26.6672     8.34318     -21.5859     35.5721     931.453     284.643     -37.131     974.729
9.8075     39.761     65.7013     77.5681     347.487     895.633     671.09     1171.87     9.98163     39.6023     63.734     75.9037     346.97     894.566     670.624     1170.67
-712.601     -665.451     -237.462     1003.51     -8.39614     -34.8527     2.47734     36.2544     -9.60073     -33.1091     1.82454     34.9197     -709.687     -663.6     -236.301     1000.09
-371.048     -724.65     -14.4263     814.264     -47.7378     -195.521     36.8676     204.67     -48.9557     -197.789     36.8694     207.158     -223.412     -433.741     -9.34574     488.081
-721.655     485.429     739.053     1141.34     -127.458     64.5467     190.845     238.447     -110.15     55.2508     164.597     205.714     -738.963     494.725     765.302     1174.07
-776.495     -354.154     -102.38     859.578     -138.39     -83.7932     -72.1076     177.188     -131.654     -80.071     -68.1724     168.589     -782.585     -357.884     -106.114     867.455
-828.281     288.985     -198.881     899.521     -108.475     89.6866     -33.7237     144.813     -68.0131     59.2369     -21.7491     92.8206     -868.956     319.613     -210.921     951.799
-244.387     924.573     187.89     974.621     6.27049     54.7556     33.9495     64.9085     5.04533     33.2249     20.0022     39.2796     -243.418     923.705     187.637     973.638
13.2175     52.8691     -4.66878     54.9061     680.769     674.733     -53.398     959.993     12.4771     49.5201     -4.40556     51.4654     680.955     676.666     -53.2345     961.685
-86.5898     -71.5407     23.7124     114.896     -429.169     -791.637     114.167     907.707     -78.8245     -65.4497     21.4255     104.82     -433.374     -794.896     115.44     913.107
-25.2683     155.525     101.879     187.694     -279.676     807.277     275.808     897.779     -24.6254     150.072     98.5545     181.299     -280.311     812.692     279.134     904.135
-206.385     -845.766     -1602.88     1824.05     -65.039     -129.031     -194.155     242.071     -57.9614     -115.736     -173.574     216.586     -212.684     -857.672     -1621.28     1846.84
444.027     726.836     -1658.86     1864.75     54.1011     151.562     -230.146     280.871     54.0318     149.121     -226.244     276.354     413.161     677.508     -1545.49     1737.4
-7.54837     -13.957     -11.6714     20.274     429.436     -900.824     -401.975     1075.87     -6.09461     -12.0541     -10.4557     17.2701     427.632     -898.671     -401.839     1073.72
-52.2622     167.775     135.761     222.112     5.96071     841.062     547.116     1003.38     -50.211     160.851     130.237     213.052     3.90961     847.985     552.64     1012.44
-0.419252     94.3414     -46.4648     105.273     366.258     847.966     -552.212     1076.17     0.206718     92.4187     -46.3956     103.647     359.925     835.12     -542.644     1059.16
-17.2242     811.952     -816.51     1151.64     -44.3803     190.213     -266.859     330.738     -43.2018     185.417     -260.275     322.529     -18.0059     780.238     -786.143     1107.9
-115.01     -57.3592     -20.4738     130.229     -634.551     -608.704     -335.048     940.987     -110.4     -54.9075     -19.6668     125.009     -639.161     -611.156     -335.855     946.207
676.124     -492.555     681.091     1078.73     168.064     -53.6278     155.974     235.526     141.716     -45.7219     130.445     198.001     679.035     -493.311     683.397     1082.49
-158.487     110.616     -108.761     221.824     -685.892     444.128     -777.07     1127.63     -106.745     75.7884     -72.7238     149.8     -708.463     458.785     -793.807     1159.28
-90.7954     -149.504     -95.6318     199.408     -314.03     -779.105     -205.796     864.866     -54.5183     -89.0995     -57.5392     119.304     -334.258     -812.841     -226.187     909.164
716.001     665.972     724.912     1217.25     14.1605     25.6867     1.65408     29.7674     14.7006     24.4777     2.50034     29.3682     702.135     653.882     711.304     1194.45
142.299     869.779     -368.14     955.152     -6.10072     137.378     -103.773     172.342     -5.94841     130.46     -98.7349     163.807     131.839     815.673     -346.739     896.388
14.3725     -12.9397     -9.0044     21.8661     983.676     159.847     -463.805     1099.23     11.9696     -9.11341     -7.48341     16.9763     982.011     159.448     -463.928     1097.87
-12.6534     150.001     -211.353     259.526     -294.606     808.631     -906.351     1249.87     -8.7029     104.499     -147.415     180.93     -263.552     729.687     -820.698     1129.58
-830.674     -93.8319     -119.441     844.46     -184.962     30.3293     -56.269     195.755     -112.291     20.0934     -33.5641     118.948     -849.926     -91.0445     -124.852     864.627
-53.9478     -113.511     169.77     211.282     -610.49     -647.875     921.417     1281.2     -47.1595     -100.816     150.392     187.171     -617.459     -660.835     941.552     1306.12
65.4826     -163.239     -286.677     336.366     264.611     -787.388     -907.809     1230.5     56.5371     -143.791     -252.396     295.961     268.269     -795.464     -921.954     1247.19
75.668     140.532     -70.9548     174.736     355.82     763.075     -707.103     1099.5     71.1645     133.231     -67.3175     165.533     360.323     770.376     -710.74     1108.71
-1.57576     -65.3451     -141.317     155.776     -473.274     -820.445     -2151.44     2350.71     -1.84307     -62.3018     -135.186     148.942     -473.242     -822.585     -2155.55     2355.28
-82.0622     -99.4942     17.6116     130.256     -380.742     -805.265     -119.039     898.671     -79.0721     -96.4006     17.1074     125.963     -383.062     -807.668     -118.43     901.93
522.688     775.205     -1117.81     1457.28     59.6782     52.7305     -54.572     96.6599     56.335     49.8327     -51.804     91.4793     525.844     778.056     -1120.88     1462.46
-37.4281     160.161     -82.9578     184.276     15.6093     839.549     -647.063     1060.09     -30.5717     124.07     -63.734     142.836     13.6371     849.17     -652.221     1071.16
84.975     -68.0686     65.7991     127.305     700.913     -554.385     158.873     907.681     81.155     -65.3196     63.1835     121.942     704.733     -557.134     161.488     913.045
-121.472     33.51     -13.553     126.827     -883.322     140.175     -423.966     989.786     -118.721     32.7669     -14.0379     124.205     -886.036     140.922     -423.487     992.37
490.699     871.155     -540.23     1136.47     20.4205     4.29804     -14.475     25.8464     13.0514     1.702     -9.44354     16.3136     467.667     828.488     -514.576     1081.93
773.46     -472.784     -346.207     970.385     86.8193     -58.8212     -89.0375     137.653     86.3167     -58.4437     -87.888     136.496     773.953     -473.12     -347.32     971.486
-74.7487     103.12     105.128     165.216     -231.028     863.437     802.89     1201.48     -72.6091     101.407     103.32     162.065     -232.795     864.61     804.107     1203.59
828.308     -382.487     -119.907     920.213     92.0701     -7.8253     10.922     93.1691     94.4975     -8.83366     10.4436     95.8948     826.588     -381.382     -119.25     918.176
-41.2741     -42.5238     -30.9408     67.0239     -822.518     -487.939     -55.6079     957.986     -38.9843     -40.874     -29.0183     63.7552     -824.202     -489.242     -57.2447     960.5
165.516     -882.859     11.7331     898.33     -18.5501     -117.725     21.716     121.235     -17.532     -116.79     21.2807     120.16     164.817     -881.146     12.1089     896.575
676.772     508.027     -199.594     869.466     124.837     111.175     14.1766     167.834     121.725     108.395     14.0893     163.722     592.516     446.081     -173.324     761.739
132.921     67.7902     -153.084     213.826     595.989     629.057     -807.955     1184.79     123.422     62.4689     -141.089     197.65     605.487     634.378     -819.951     1200.97
-125.548     -154.112     36.5842     202.174     -396.575     -705.95     368.384     889.588     -9.71927     -11.576     2.22444     15.2786     -453.58     -777.853     384.576     982.726
-116.015     -987.731     370.406     1061.27     -3.82223     -19.8601     30.4515     36.8696     -2.65536     -17.6011     21.8979     28.3374     -115.08     -977.015     366.474     1049.87
877.372     251.356     563.172     1072.45     90.9924     58.4563     103.392     149.699     88.7038     56.977     100.981     146.097     388.345     112.803     252.164     476.683
-762.893     552.815     -57.1726     943.876     -78.0012     15.8719     -17.5763     81.6582     -73.6196     15.0932     -16.4701     77.1983     -766.446     553.191     -57.8824     947.289
287.885     844.841     -871.189     1247.25     10.7496     120.999     -73.6974     142.164     10.272     116.417     -70.8171     136.728     275.431     811.04     -834.183     1195.73
-103.217     -26.445     -137.196     173.778     -897.209     -96.7703     -683.403     1131.99     -99.426     -25.7606     -131.944     167.312     -901     -97.4547     -688.655     1138.46
-813.907     -156.708     642.29     1048.6     -176.667     -7.32762     208.057     273.086     -104.659     -3.58839     124.547     162.775     -824.646     -157.634     654.791     1065.08
115.727     793.276     1047.58     1319.14     51.7808     196.981     180.049     271.888     51.3227     196.332     180.344     271.64     116.185     793.924     1047.29     1319.39
514.702     -658.693     647.706     1057.52     116.135     -141.311     74.5884     197.592     7.26254     -8.82808     4.08553     12.1446     623.574     -791.176     718.209     1242.96
-230.787     -920.903     980.995     1365.17     -34.7159     -49.7883     99.5645     116.706     -34.0349     -49.861     98.1637     115.388     -230.892     -919.971     980.383     1364.16
-161.443     1.99193     125.038     204.268     -798.949     291.091     662.78     1078.13     -94.8112     -0.685497     72.2216     119.202     -865.582     293.769     715.597     1163.19
-21.3804     73.7568     -26.6767     81.4363     -546.088     769.378     -24.3038     943.806     -21.0531     71.1123     -25.8176     78.7099     -545.931     770.982     -24.6959     945.135
17.4226     -22.423     -50.8072     58.4016     -33.4891     -978.805     -1266.6     1601.08     9.763     -16.6596     -30.2446     35.9942     -33.2764     -977.417     -1265.75     1599.62
-901.724     -259.112     523.564     1074.42     -67.7411     -53.3901     69.3048     110.75     -65.6065     -51.822     67.6717     107.633     -902.823     -260.027     524.682     1076.21
42.9227     987.495     -1040.68     1435.28     0.343749     19.7871     -56.3175     59.8861     0.647628     12.8461     -38.1849     40.3644     42.8643     988.148     -1042.1     1436.85
58.3596     129.898     101.637     175.022     480.53     724.134     312.13     923.432     51.8313     116.001     91.7598     156.765     487.059     738.031     322.007     941.689
83.4057     79.4082     -84.9022     143.156     790.11     410.861     -977.723     1322.52     83.0502     78.8549     -85.0593     142.775     789.89     411.326     -976.737     1321.87
-579.006     -663.509     434.766     982.108     -86.5134     -108.717     17.4592     140.114     -83.7004     -104.542     16.8855     135.117     -579.983     -665.445     434.782     984.157
96.3047     103.468     187.765     235.072     344.881     803.18     1036.93     1356.2     93.2302     100.82     182.205     228.241     346.273     802.691     1037.2     1356.64
-110.876     29.0277     181.535     214.742     -843.857     306.242     878.682     1256.18     -110.579     29.3847     179.737     213.109     -780.315     282.948     813.933     1162.64
779.42     451.32     85.7578     904.744     80.1713     69.0223     -27.7546     109.475     71.2349     61.6406     -24.8693     97.6299     788.339     458.7     82.8772     916.572
9.96601     47.3939     34.4119     59.6047     332.275     894.787     109.12     960.719     8.75708     42.0765     29.9309     52.7334     331.641     894.734     110.1     960.743
-97.063     86.603     -45.6923     137.957     -520.177     714.093     -606.463     1071.6     -91.175     82.8265     -44.3342     130.972     -424.9     584.269     -495.359     876.079
-291.387     843.749     280.143     935.586     -76.1476     91.2733     52.9017     130.196     -74.1636     88.7108     50.5942     126.276     -293.371     846.311     282.451     939.505
-946.879     -135.074     -902.426     1315     -62.6478     18.9332     -42.0027     77.9133     -63.9416     18.7767     -44.0461     80.1609     -945.585     -134.917     -900.383     1312.75
39.4001     176.338     -17.0011     181.548     235.775     791.545     182.386     845.826     26.1502     116.401     -13.3239     120.065     249.025     851.482     178.709     907.309
54.7905     42.0793     43.0125     81.5216     929.868     192.686     395.964     1028.88     29.6561     22.9433     23.2842     44.3727     828.341     172.163     353.895     917.216
-45.3552     -22.7966     -12.1511     52.4163     -802.618     -538.645     291.84     1009.72     -44.1111     -22.1995     -10.4656     50.6694     -781.182     -523.527     282.974     982.264
912.84     -70.8289     99.7982     921.019     95.0001     -46.8712     -1.52391     106.053     83.491     -40.3119     -1.01706     92.9058     912.116     -70.9935     99.599     920.34
60.4988     -19.7681     53.4984     83.2827     839.026     -456.694     1483.06     1764.09     59.6206     -19.6106     52.6007     81.9896     839.622     -456.611     1483.58     1764.84
993.92     -59.9181     -625.474     1175.89     10.4002     -13.5804     -19.9721     26.7305     8.68419     -10.4041     -14.4876     20.0823     991.79     -59.6855     -624.915     1173.9
16.3831     10.9591     -11.6341     23.3859     639.655     744.198     240.379     1010.34     13.4187     8.70539     -9.4268     18.7268     638.559     743.089     239.323     1008.97
551.086     705.656     1218.56     1512.14     106.928     64.8321     189.281     226.908     101.514     61.4632     179.55     215.316     556.48     709.004     1228.23     1523.66
-328.605     835.044     533.595     1044.04     -58.0445     103.423     124.807     172.236     -45.4965     80.4483     95.1904     132.719     -330.578     836.918     537.353     1048.32
147.291     846.326     -731.61     1128.38     5.52573     150.723     -198.694     249.5     0.62171     14.0131     -18.0278     22.8708     150.136     886.434     -783.035     1193.64
-110.36     846.317     155.054     867.466     22.6151     167.65     64.9618     181.276     10.9694     77.4962     30.3285     83.9729     -101.348     922.34     183.646     949.177
-279.767     775.977     269.72     867.861     -5.69689     187.413     54.4362     195.301     -5.39475     184.371     53.6362     192.163     -280.069     779.019     270.52     870.998
-78.5402     117.883     91.6169     168.765     -711.532     521.508     615.806     1075.87     -78.1225     116.265     90.7121     167.014     -711.947     523.095     616.669     1077.56
440.975     773.531     1017.53     1352.11     48.7645     117.471     222.313     256.171     43.5184     106.862     201.32     232.113     281.156     497.984     660.896     874.436
-23.8838     110.842     58.9806     127.899     20.3655     908.71     813.212     1219.63     -23.0997     108.493     58.0489     125.355     19.9765     910.258     813.41     1221.02
533.025     705.905     659.083     1103.1     66.246     110.615     159.519     205.167     62.8979     105.361     152.404     195.751     534.127     707.696     661.766     1106.46
81.3355     897.623     116.372     908.795     -26.2656     114.517     -10.147     118.026     -13.3413     61.4802     -6.75116     63.5352     66.7153     767.042     96.8707     776.466
97.1357     -94.0955     -75.2616     154.844     797.364     -359.079     -381.452     954.073     76.3851     -73.9421     -58.2603     121.293     758.463     -346.584     -363.999     910.513
-499.319     769.292     627.912     1111.5     -21.8588     92.5792     38.9331     102.896     -21.7334     89.4012     38.607     99.9757     -499.465     771.838     628.233     1113.78
-518.632     785.081     631.008     1132.93     -54.5874     43.9395     82.0723     108.025     -53.5559     43.4139     80.8842     106.436     -519.632     785.549     632.173     1134.45
25.8712     -13.7791     51.9057     59.8032     723.699     -656.339     699.571     1201.64     23.3003     -12.4968     45.0808     52.4743     724.043     -655.986     700.489     1202.32
-61.1864     188.274     -305.343     363.935     -283.677     755.71     -841.464     1166.04     -59.035     181.693     -293.986     350.676     -285.828     762.291     -852.821     1179.3
110.753     -89.7902     63.454     156.135     614.983     -610.509     81.6693     870.412     104.102     -84.4205     59.0401     146.596     621.52     -615.913     85.9417     879.719
43.326     933.603     2442.06     2614.8     24.8503     80.8035     322.667     333.592     24.2342     79.7741     317.345     328.185     44.0321     934.979     2449.12     2621.98
-292.535     -924.038     1531.15     1812.15     -16.913     -39.2512     30.1706     52.5358     -17.0039     -39.3976     32.023     53.9635     -292.474     -922.487     1527.67     1808.53
158.225     833.346     -35.8183     849.003     -0.162311     157.376     -51.9958     165.813     -0.190581     151.294     -50.1986     159.485     158.305     840.058     -37.4689     856.472
790.868     -615.893     398.465     1078.7     21.2577     -2.38778     25.3993     33.5523     10.691     -0.641617     9.31857     14.2314     789.438     -614.602     397.613     1076.76
-775.314     321.48     -128.836     849.166     -139.088     99.5677     14.1795     171.707     -126.494     91.3017     12.6267     156.577     -787.39     329.559     -126.974     863.65
10.9968     -104.16     102.934     146.931     -268.188     -870.539     908.73     1286.69     10.8006     -101.844     101.179     144.062     -267.992     -872.855     910.486     1289.56
-425.157     742.343     -96.3207     860.891     -39.503     151.579     15.7361     157.504     -39.232     148.463     15.5254     154.484     -425.428     745.459     -96.11     863.91
953.002     -32.9561     -757.532     1217.86     55.5441     -23.3394     -22.5156     64.497     52.7988     -23.1765     -22.0964     61.9058     955.747     -33.1191     -757.951     1220.45
-773.605     275.431     -203.61     846.053     -200.526     8.72822     -34.9846     203.799     -194.401     8.5637     -34.1262     197.653     -779.84     275.514     -204.477     852.295
4.63537     -173.281     -159.045     235.3     46.5452     -828.645     -429.256     934.4     4.65018     -167.927     -153.742     227.817     46.5303     -834     -434.56     941.884
-106.845     176.988     86.4189     224.124     -307.015     734.624     579.07     984.518     -101.263     167.93     81.7826     212.559     -304.222     722.509     567.284     968.01
112.26     21.2225     58.2208     128.318     848.072     306.178     125.895     910.409     88.4486     16.6704     46.4399     101.4     853.061     306.982     128.74     916.069
139.43     -44.9242     -35.2778     150.753     867.088     26.8453     -273.825     909.707     134.545     -43.4646     -33.6626     145.439     871.974     25.3857     -275.44     915.021
163.395     51.8718     51.0712     178.941     833.871     68.0372     46.462     837.945     156.718     49.8075     49.145     171.774     840.548     70.1014     48.3882     845.112
561.944     -805.068     481.763     1093.63     10.7067     -24.1002     -6.38163     27.5539     9.85145     -19.3104     -5.43821     22.5712     562.059     -805.43     481.448     1093.97
-217.926     10.4927     -56.0585     225.316     -795.913     77.1086     -459.582     922.313     -148.858     6.63763     -37.0417     153.572     -797.093     77.0007     -459.026     923.168
-87.7185     129.681     241.503     287.851     -341.554     783.281     917.564     1253.85     -82.4979     122.337     227.631     271.351     -346.693     790.594     931.261     1270.15
-30.2069     24.8161     -23.1848     45.7041     -977.476     117.173     -916.211     1344.86     -29.3222     24.0347     -22.7931     44.4085     -715.789     86.2394     -673.339     986.69
-69.6644     -72.4165     -65.6612     120.132     -407.43     -815.443     -313.31     963.915     -67.6431     -70.2053     -62.5171     116.027     -409.088     -817.078     -315.946     967.149
133.034     59.0402     56.6289     156.249     858.592     116.659     150.322     879.437     125.248     56.0544     52.8496     147.151     866.489     119.708     154.152     888.672
-640.777     575.521     1526.15     1752.42     -120.703     75.4018     355.191     382.672     -108.581     67.3859     319.773     344.429     -635.308     568.008     1519.81     1742.77
-961.791     -228.719     -102.607     993.934     -8.8379     -17.9353     -3.76886     20.9052     -8.42761     -15.7276     -3.23788     18.4662     -961.147     -229.141     -102.287     993.51
-185.072     840.573     8.26198     860.759     -75.6175     125.083     20.377     147.655     -37.2958     61.3779     11.4849     72.7943     -186.86     843.086     8.9987     863.886
82.266     -23.3136     -25.4402     89.339     917.099     -12.7445     -635.896     1116.07     72.4164     -21.3905     -22.0204     78.8246     896.625     -14.6395     -618.02     1089.48
862.202     -356.888     -406.493     1017.85     73.3303     -27.8021     2.28889     78.6039     53.7295     -20.335     0.356672     57.7687     862.085     -356.699     -405.508     1017.39
409.175     773.154     -177.593     892.611     41.7852     120.688     -72.172     146.777     40.8869     118.128     -70.1649     143.47     367.352     695.017     -161.102     802.754
781.293     481.646     -438.096     1017.03     106.795     17.2421     -58.2384     122.952     79.7745     13.7467     -43.8     92.1438     785.29     481.853     -439.66     1021.09
-36.4855     -38.3236     56.5372     77.5847     -841.064     -447.921     1748.73     1991.51     -36.3667     -38.0992     56.637     77.5255     -840.19     -447.804     1747.32     1989.88
93.8951     92.3141     -63.1966     146.134     383.645     807.992     -526.561     1037.94     85.1505     85.1068     -57.3029     133.61     392.389     815.199     -532.455     1050.47
7.72989     -897.912     -1122.89     1437.78     36.3931     -115.806     -110.379     164.141     34.887     -111.407     -106.251     158.02     9.27239     -902.372     -1127.09     1444
22.7105     -65.4932     18.5067     71.9073     674.43     -658.324     400.257     1023.95     21.4516     -60.9059     16.8673     66.9658     660.563     -647.337     392.612     1005.1
120.113     905.866     466.905     1026.18     41.6429     85.4086     21.0694     97.446     40.9605     84.0211     20.6852     95.883     120.796     907.254     467.289     1027.74
-619.553     571.055     -1101.37     1386.72     -143.332     89.4954     -305.423     349.084     -140.165     87.7012     -298.849     341.586     -514.596     472.927     -914.961     1151.48
-846.14     481.199     1404.88     1709.15     -54.2572     -0.803151     69.1015     87.9917     -36.6697     1.21631     49.0661     61.3767     -827.482     469.608     1372.9     1670.48
813.34     502.219     -652.47     1157.36     34.5073     47.9328     -18.0095     61.9329     34.9493     47.9822     -18.8755     62.5491     658.85     406.984     -528.748     937.764
672.194     -603.736     -797.293     1205.01     102.231     -40.4363     -124.114     165.872     102.526     -41.0833     -124.371     166.453     638.01     -572.737     -755.667     1142.94
-37.0937     -23.8579     7.89457     45.0612     -428.605     -872.307     -73.3478     974.692     -34.8514     -24.0409     6.84017     43.5744     -429.572     -871.522     -72.6106     974.689
-167.78     15.5222     24.1408     170.285     -781.207     346.499     166.559     870.696     -77.302     7.35798     11.2201     78.4657     -807.016     350.092     170.151     896.984
-747.559     -610.822     -324.929     1018.6     -40.6427     -7.29173     -30.5629     51.5958     -40.2371     -7.52174     -29.8231     50.9854     -677.615     -552.206     -295.969     923.02
-37.931     85.2568     137.914     166.586     -59.7774     912.063     997.255     1352.77     -37.3161     84.2224     135.196     163.683     -24.3309     341.954     375.855     508.768
-884.877     215.23     -1246.08     1543.4     -80.0192     55.2955     -102.443     141.344     -81.9414     55.0333     -104.683     144.167     -882.955     215.492     -1243.84     1540.57
-477.1     876.901     307.472     1044.58     -19.6833     6.88525     -2.37145     21.5291     -9.84892     3.89231     1.77469     10.8358     -476.014     875.08     306.867     1042.41
-78.4616     -96.5359     55.5785     136.336     -683.307     -578.165     740.222     1161.52     -68.6809     -85.0116     48.6009     119.743     -692.907     -589.092     746.947     1177.43
98.5687     109.035     210.185     256.525     397.766     768.776     913.672     1258.59     47.7491     52.1169     102.347     124.466     417.828     791.69     956.509     1311.1
-59.2461     -26.1077     2.09682     64.955     -582.707     -743.076     -78.2654     947.554     -58.0938     -25.4364     1.99336     63.6748     -317.815     -406.036     -43.2686     517.513
-490.545     -747.13     -503.78     1025.99     -103.688     -76.5397     -58.3314     141.545     -102.306     -75.6319     -57.7893     139.854     -438.987     -668.817     -450.574     918.281
103.929     -112.681     -123.26     196.759     518.591     -682.971     -359.598     929.903     95.7745     -103.873     -113.736     181.474     440.071     -576.314     -307.745     788.2
22.4204     877.618     678.938     1109.82     44.5475     125.775     74.032     152.669     42.3079     119.844     70.6691     145.619     17.0658     606.068     466.762     765.426
-3.23053     20.4491     75.4505     78.3864     -237.304     956.943     1442.27     1747.06     -2.68447     19.7165     68.4104     71.3086     -237.134     956.702     1443.37     1747.95
181.472     796.264     -882.516     1202.43     46.5645     186.143     -127.927     230.664     44.5083     178.803     -123.238     221.784     65.2168     281.106     -308.746     422.875
-805.407     -180.196     -1444.29     1663.48     -175.627     -11.5698     -217.776     280.051     -161.708     -11.0878     -200.76     258.088     -817.822     -180.703     -1459.18     1682.76
-43.8462     -1.71035     -26.3743     51.4204     -896.05     352.928     -133.456     972.263     -40.1765     -1.61518     -21.7394     45.8728     -895.953     352.346     -134.569     972.352
-5.56499     29.7655     -53.8681     61.982     -625.982     762.243     -925.496     1352.57     -6.92532     28.678     -52.5671     60.579     -623.696     760.432     -923.012     1348.88
-54.3868     906.169     459.101     1017.3     -42.0553     100.886     30.7357     113.641     -29.5972     72.1104     20.7071     80.6829     -54.8233     906.817     459.209     1018.03
-25.4419     36.0551     -6.70295     44.8913     -158.653     949.413     235.073     990.878     -24.3257     35.7565     -6.34288     43.9923     -158.343     947.928     234.574     989.394
-30.5713     182.132     -106.058     213.021     -388.489     739.98     -501.227     974.548     -16.4349     108.554     -62.2644     126.263     -402.625     813.558     -545.02     1061.31
-698.61     485.752     790.921     1161.72     -105.989     141.743     159.647     238.401     -105.528     140.422     158.515     236.683     -699.072     487.073     792.054     1163.44
-162.3     -919.1     -2341.97     2521.1     2.05592     -75.2019     -118.393     140.355     1.83969     -74.734     -118.592     140.35     -162.13     -919.712     -2343.25     2522.67
751.902     401.709     449.559     963.77     118.787     101.75     132.102     204.786     104.62     89.3443     116.928     180.648     765.669     413.958     464.296     987.224
-831.723     335.949     -454.061     1005.39     -89.1733     77.8146     -85.8671     146.298     -86.6636     75.3095     -83.356     142.005     -813.408     330.258     -444.798     984.397
837.141     184.908     465.344     975.481     157.885     14.7904     33.0681     162.059     113.236     11.6021     23.7107     116.351     744.189     163.395     413.077     866.791
1.57147     62.0681     -12.69     63.5531     -433.004     847.797     -75.9159     955.007     0.698139     59.6787     -12.1799     61.1416     -431.973     847.629     -75.9379     954.59
-946.109     -193.816     411.096     1049.62     -53.8709     18.098     29.2242     64.0836     -50.3812     16.9868     27.3152     60.0189     -949.357     -192.723     412.694     1053.27
-756.055     445.001     1007.33     1335.81     -130.156     22.8524     136.566     190.095     -130.344     23.2257     136.43     190.199     -735.475     432.377     980.522     1299.75
251.828     802.976     -31.633     842.147     32.2269     164.548     -59.6097     178.02     30.1037     154.625     -56.008     167.304     253.951     812.899     -35.2347     852.863
516.104     640.31     -337.51     888.986     80.829     183.165     -117.786     232.334     64.7579     146.835     -94.7971     186.452     524.048     657.474     -348.783     910.889
183.771     -22.0676     167.031     249.361     791.931     -204.924     1092.33     1364.68     167.805     -19.8721     152.98     228.014     798.107     -204.514     1093.02     1369.21
331.263     -758.348     -1337.43     1572.76     43.1825     -180.094     -215.996     284.563     42.2307     -175.202     -210.953     277.549     154.517     -354.756     -619.434     730.52
4.53302     17.2591     1.37373     18.5298     -222.859     973.263     -701.686     1220.37     3.99677     17.5977     -0.637686     18.3989     -217.968     950.616     -684.911     1191.78
-100.937     -17.6159     34.0372     108.075     -872.315     -237.375     -61.4001     906.131     -90.4668     -15.8431     29.1787     96.4456     -874.278     -237.838     -60.6872     908.205
-662.254     613.726     202.19     925.28     -88.5454     66.3399     -17.1065     112.058     -86.8276     65.0442     -15.9738     109.952     -492.873     457.463     148.303     689.506
-406.449     824.999     -792.041     1213.74     -21.2288     86.6257     -127.115     155.357     -21.1954     85.3011     -125.659     153.441     -406.482     826.324     -793.496     1215.66
29.4937     -8.57487     -12.3681     33.4577     675.413     -703.913     80.4664     978.864     26.3419     -7.99566     -11.2194     30.2164     676.802     -703.347     79.1183     979.838
128.766     138.854     179.17     260.741     381.706     722.295     987.006     1281.26     125.882     136.002     175.747     255.492     384.591     725.147     990.429     1286.5
844.261     88.8027     520.556     995.823     158.963     42.0907     47.7301     171.295     156.685     41.1508     47.3386     168.874     846.514     89.7664     520.979     998.198
921.606     279.274     126.723     971.305     36.9307     26.8099     29.6597     54.6387     35.4908     25.7164     28.2439     52.358     922.758     280.034     127.929     972.929
-977.797     198.013     0.455     997.657     -16.9057     22.9232     -1.54963     28.9261     -15.7613     21.6031     -1.2746     27.1203     -888.353     179.922     0.018001     906.606
-849.238     -263.935     -131.993     899.062     -108.483     -59.9165     -59.1606     137.41     -106.044     -59.0008     -57.7461     134.54     -841.511     -261.781     -131.846     891.261
-856.98     96.0668     -302.134     913.757     -145.469     -31.5654     -72.1905     165.505     -124.65     -27.0889     -61.5822     141.757     -866.971     93.6443     -307.552     925.268
-622.206     751.399     137.313     985.2     -11.4061     48.5124     -8.95925     50.8612     -12.2238     49.0009     -8.644     51.6062     -621.155     750.427     137.176     983.854
-38.6658     -153.205     51.968     166.405     -205.77     -835.59     -10.5692     860.631     -30.4214     -126.148     42.6917     136.71     -208.362     -844.702     -7.30769     870.575
-27.3438     -142.006     64.426     158.389     139.618     -855.383     407.716     957.825     -26.0409     -134.673     61.1427     150.276     138.588     -860.967     410.17     963.958
41.0355     -113.996     9.4583     121.621     573.712     -700.294     216.593     930.856     41.0672     -112.877     10.0412     120.722     573.68     -701.413     216.01     931.754
-616.545     653.721     -196.067     919.752     -79.6779     77.6068     19.1302     112.962     -70.3897     68.5481     15.8559     99.7407     -431.635     456.676     -135.63     643.294
-59.8412     -33.1167     20.4478     71.5461     -714.787     -622.863     751.659     1209.91     -59.4645     -33.5377     20.7355     71.622     -699.608     -609.029     734.364     1183.15
48.3093     -73.5086     -25.5423     91.721     142.751     -922.899     -194.566     953.939     47.1276     -72.3557     -24.7875     90.1802     144.041     -924.997     -195.751     956.628
-64.0634     -139.662     -151.846     216.078     -302.48     -796.687     -1298.56     1553.22     -57.9915     -126.72     -137.62     195.917     -304.836     -802.083     -1304.37     1561.37
112.377     112.124     -86.1522     180.681     680.261     515.894     -789.238     1162.68     110.231     110.056     -84.5738     177.334     682.407     517.962     -790.816     1166.03
-725.889     458.075     776.395     1157.39     -101.066     123.136     122.29     200.884     -98.2325     119.432     118.851     195.124     -728.643     461.77     779.767     1163.05
30.8588     68.4832     15.5287     76.8531     67.1118     931.334     -96.4193     938.726     30.4071     69.4614     15.2061     77.6172     67.5636     930.356     -96.0967     937.962
-20.1413     -51.6037     4.14746     55.7571     149.525     -960.359     174.578     987.496     -15.4344     -43.2858     4.22896     46.4881     149.065     -959.358     173.954     986.509
610.583     783.763     659.35     1192.42     -4.01552     15.6795     5.22945     17.6736     -2.50801     12.1937     3.65478     13.0735     593.694     762.705     641.466     1160.34
-272.177     749.023     -348.639     869.878     -98.0009     185.612     -158.035     262.781     -89.0282     167.628     -142.813     237.598     -216.742     594.954     -277.957     691.572
227.746     -851.028     60.8475     883.087     -13.4243     -134.573     5.95881     135.457     -12.8831     -124.067     6.39778     125.019     227.205     -861.534     60.4085     893.525
58.6694     -110.038     -150.661     195.633     119.942     -885.773     -924.061     1285.65     57.0038     -107.283     -146.776     190.626     121.607     -888.528     -927.946     1290.66
-33.4228     195.388     39.2183     202.125     105.694     813.629     231.152     852.419     -32.1997     187.717     37.7269     194.256     104.471     821.3     232.643     860.288
56.9119     4.24579     3.70371     57.3912     899.82     -296.07     -280.736     988.013     57.7332     4.06499     2.79121     58.2885     898.999     -295.889     -279.824     987.115
635.068     742.503     -193.695     996.073     18.8881     21.1565     -29.8194     41.4318     16.1333     17.2367     -21.7736     32.3443     623.908     730.059     -191.426     979.51
851.732     -225.245     -169.088     897.104     124.035     -9.90524     17.1474     125.698     121.184     -9.85268     16.4621     122.929     854.583     -225.297     -168.402     899.873
-108.564     4.64522     11.2617     109.35     -884.245     194.139     -228.873     933.801     -100.16     4.13156     10.4499     100.912     -584.483     127.288     -150.481     617.273
-890.721     48.5288     -43.6193     893.121     -109.199     47.3878     -22.9229     121.32     -106.347     45.8032     -22.1451     118.048     -892.867     50.0833     -44.1064     895.562
185.005     847.916     1326.65     1585.31     -15.481     146.717     265.115     303.437     -14.0901     134.854     244.528     279.719     183.305     858.971     1345.28     1606.88
-734.815     582.103     719.576     1181.78     -70.4701     25.2271     28.6872     80.3022     -71.1514     26.0646     29.5962     81.5926     -733.951     581.306     718.515     1180.25
-110.694     830.07     547.847     1000.71     -56.329     169.014     176.541     250.856     -55.6761     168.216     175.521     249.496     -111.346     830.868     548.867     1002.07
75.8664     96.2787     6.55055     122.846     572.15     684.465     -289.061     937.778     66.1566     83.2259     6.26576     106.653     447.722     539.552     -221.502     736.091
80.9407     -166.378     -48.9073     191.437     109.39     -817.516     -218.457     853.255     76.9159     -157.289     -45.804     181.059     113.407     -826.6     -221.532     863.604
123.564     -890.002     929.256     1292.64     39.2396     -117.372     76.4344     145.537     38.1632     -113.305     74.4097     140.98     123.567     -887.659     924.879     1288.05
-138.548     12.1158     -146.044     201.728     -841.71     -231.409     -974.025     1307.97     -128.137     11.1544     -134.483     186.175     -850.94     -230.399     -984.523     1321.91
-14.7938     -13.9335     5.24784     21.5309     -974.626     -163.706     -356.357     1050.58     -13.1123     -11.8766     4.55608     18.5281     -893.7     -150.065     -326.094     963.204
116.462     -114.814     -247.922     297.042     431.328     -724.384     -973.28     1287.66     114.762     -113.26     -243.691     292.245     433.013     -725.767     -977.041     1291.92
-525.42     773.471     675.692     1153.65     -64.5712     55.9407     103.473     134.27     -65.3428     57.2704     104.481     136.047     -524.649     772.142     674.684     1151.87
-592.329     641.701     -13.6337     873.409     -118.98     68.9198     -29.4626     140.703     -113.861     66.2363     -27.8091     134.75     -596.619     643.755     -14.7467     878.189
-41.2991     22.0123     -76.7808     90.0472     -745.914     607.571     -763.743     1228.36     -42.2055     22.8424     -76.9671     90.9902     -744.683     606.607     -763.116     1226.82
204.926     829.488     -1004.29     1318.58     20.4625     159.211     -118.992     199.872     13.9626     113.185     -83.7086     141.553     210.779     872.73     -1037.7     1373.44
-919.914     41.4138     -430.203     1016.39     -78.8029     34.5328     -18.086     88.0486     -77.0034     33.3823     -18.1005     86.0613     -587.062     26.8329     -274.881     648.986
-70.4107     802.261     -930.01     1230.25     -36.0956     202.047     -154.464     256.921     -33.9121     194.135     -148.953     247.063     -70.964     804.591     -931.63     1233.11
2.79366     34.0527     -66.1358     74.5947     151.434     966.543     -812.787     1271.92     2.1923     31.4494     -59.8329     67.7339     95.7661     623.666     -528.045     823.011
120.952     142.117     -110.227     216.794     633.667     528.567     -763.096     1123.95     108.324     127.824     -99.0241     194.698     577.193     486.532     -690.529     1023.71
-915.531     -396.732     741.5     1243.16     -20.0759     -5.52602     44.4759     49.3429     -17.9291     -4.50427     36.2096     40.7992     -914.182     -396.48     740.662     1241.63
-93.7535     -858.316     -1096.52     1395.66     5.46097     -153.984     -282.909     322.182     4.96818     -85.9921     -160.988     182.613     -93.2608     -926.307     -1218.44     1535.23
-197.077     830.27     -228.727     883.474     -63.8706     152.065     3.58798     165.043     -58.1208     139.425     3.9389     151.206     -202.836     842.935     -229.085     897.339
15.7929     171.533     -49.0042     179.157     309.454     782.162     -100.765     847.181     14.4072     157.696     -44.7196     164.66     310.84     795.999     -105.049     861.679
501.847     787.243     819.456     1242.23     15.5934     76.8015     42.5114     89.2854     15.7244     77.033     42.9872     89.7882     353.671     552.177     575.226     872.294
-94.2599     73.8438     103.373     158.262     -852.523     252.778     687.974     1124.29     -93.9375     73.1187     102.89     157.453     -852.42     253.162     688.231     1124.49
-659.796     492.575     112.269     831.017     -164.571     89.8105     80.7157     204.175     -138.887     75.0153     68.8928     172.255     -685.48     507.371     124.092     862.937
832.764     -224.255     312.108     917.18     138.291     -14.8469     101.401     172.192     127.846     -13.5457     94.5127     159.656     843.209     -225.556     318.996     929.716
-150.54     -943.936     -85.036     959.652     17.5752     -60.2761     -21.5591     66.5577     16.5811     -63.8643     -22.2948     69.9169     -150.038     -939.086     -84.1358     954.885
-955.603     109.939     -407.622     1044.72     -42.0094     18.8249     -47.7294     66.4854     -39.5816     17.3487     -43.9868     61.9146     -954.073     110.851     -408.598     1044.02
-719.281     659.871     -387.127     1050.09     -43.1348     5.99008     -17.8043     47.2919     -41.2461     6.82286     -16.3946     45.2014     -719.205     659.223     -387.149     1049.73
-287.038     -803.936     -1036.13     1342.49     -1.17313     -157.209     -176.355     236.305     -0.758491     -145.303     -161.852     217.539     -287.268     -813.937     -1047.56     1357.64
924.547     -45.5619     517.372     1060.45     80.8317     13.5191     11.634     82.9151     59.3199     9.20094     7.36     60.5673     924.004     -45.7212     516.644     1059.64
-75.9722     -45.4137     26.3017     92.4608     -895.518     -214.338     588.227     1092.67     -70.538     -40.4411     24.4284     85.1386     -786.837     -189.586     517.17     960.627
6.22701     -113.147     -156.475     193.257     219.452     -862.453     -776.847     1181.31     5.93414     -108.631     -150.243     185.6     219.745     -866.969     -783.079     1188.97
-151.375     -55.6692     298.23     339.083     -688.392     -501.453     1260.74     1521.46     -134.571     -49.3802     265.047     301.368     -698.06     -504.483     1280.31     1543.39
355.522     -765.478     759.237     1135.26     65.4888     -163.211     90.0022     197.611     55.4858     -138.63     75.9165     167.582     365.525     -790.059     773.322     1165.29
-73.2796     55.9535     -143.927     170.993     -580.946     700.8     -890.844     1273.67     -72.3872     55.6282     -141.903     168.853     -581.838     701.126     -892.867     1275.81
-184.33     -121.377     -83.1994     235.913     -757.631     -228.471     -361.876     870.161     -140.288     -94.0653     -62.9239     180.281     -762.724     -232.168     -364.35     876.89
60.0762     23.6539     -99.1539     118.42     947.399     96.227     -844.871     1273.05     53.5035     21.0652     -86.55     104.057     948.251     96.4797     -847.267     1275.48
-668.083     -527.42     -1333.74     1582.21     -144.416     -68.4366     -183.398     243.305     -89.0715     -40.475     -109.933     147.225     -723.428     -555.381     -1407.2     1678.29
24.0126     -6.26327     -16.0776     29.956     878.093     -446.291     -1714.79     1977.56     17.9735     -6.84378     -11.5252     22.6382     846.474     -428.817     -1652.8     1905.87
-921.636     -179.994     1348.2     1643.01     -59.0701     -39.4954     140.12     157.181     -56.1492     -37.0809     132.611     148.835     -589.129     -116.899     864.465     1052.92
28.3505     127.219     -146.296     195.995     -121.06     885.453     -889.443     1260.88     27.8672     125.305     -143.821     192.882     -120.577     887.366     -891.918     1263.99
108.302     31.0925     -78.5987     137.466     799.976     406.532     -283.889     941.194     108.669     31.6241     -78.5313     137.917     799.609     406     -283.956     940.743
862.127     -129.104     651.813     1088.49     133.142     -64.5252     80.9491     168.719     111.829     -54.6605     67.633     141.729     883.439     -138.969     665.129     1115.48
-87.8891     29.1123     -70.5855     116.522     -914.789     -78.0121     -547.051     1068.74     -86.284     28.4828     -69.1125     114.349     -916.394     -77.3826     -548.524     1070.92
-247.578     -840.836     545.845     1032.6     -73.2436     -117.191     126.419     187.358     -72.6803     -116.706     124.08     185.312     -248.174     -841.154     548.022     1034.41
-655.802     563.226     2241.94     2402.83     -76.6189     127.943     335.76     367.42     -57.8973     98.1402     255.99     280.232     -674.051     592.766     2320.9     2489.04
-77.2684     143.084     50.1194     170.231     -629.368     581.804     315.461     913.312     -72.0307     134.322     46.7001     159.487     -632.579     586.82     317.4     919.546
-115.419     -38.3169     29.7827     125.299     -710.221     -533.331     402.63     975.187     -105.154     -34.9889     27.128     114.277     -719.901     -535.752     405.3     985.12
46.8155     192.618     -60.1785     207.215     -26.3899     817.373     -380.096     901.826     42.7935     174.662     -54.0264     187.81     -22.3679     835.329     -386.248     921.231
-75.5357     -127.432     -80.4784     168.655     -160.366     -844.438     -508.668     998.779     -72.6543     -122.663     -77.7428     162.523     -160.275     -833.487     -502.06     986.384
75.8967     119.731     -158.132     212.425     699.753     535.15     -1005.45     1336.79     68.6871     107.915     -143.109     192.076     706.068     545.79     -1018.93     1355
957.381     92.8083     686.6     1181.79     45.9608     33.1218     46.3509     73.3546     45.559     31.9528     45.1515     71.8455     957.136     94.0753     686.803     1181.98
781.579     598.767     403.59     1064.09     21.4132     0.0727513     23.0668     31.8378     11.1702     0.00796896     13.7624     17.9049     779.587     597.034     402.895     1061.54
-129.905     -23.434     -28.9533     135.225     -782.243     -433.127     -54.5239     895.823     -119.753     -21.5352     -26.4557     124.671     -601.94     -328.976     -43.1719     687.943
-163.319     41.9364     -10.6022     169.018     -828.368     190.82     226.266     879.673     -151.935     39.0564     -10.0865     157.294     -839.752     193.7     225.751     891.398
-34.8136     77.4923     -30.0729     90.2467     -706.662     600.331     -310.402     977.825     -35.3132     77.8866     -30.0513     90.8054     -706.163     599.937     -310.424     977.266
-76.2612     158.826     -125.052     216.108     -312.827     780.774     -956.627     1273.82     -62.8204     130.259     -101.188     176.538     -326.268     809.341     -980.491     1313.39
726.094     426.357     748.428     1126.57     161.327     64.3098     93.2329     197.174     152.179     61.215     87.4628     185.973     735.242     429.452     754.198     1137.77
-67.4589     53.2974     -114.386     143.173     -888.29     278.756     -891.871     1289.27     -67.313     52.514     -114.07     142.613     -888.413     279.563     -892.154     1289.78
243.353     -818.888     7.38242     854.328     31.8613     -152.198     -50.7474     163.639     29.5365     -141.898     -47.3767     152.59     211.655     -714.515     3.74807     745.763
259.494     800.105     145.474     853.634     76.314     144.022     -18.7076     164.131     73.8957     139.616     -18.1195     159.111     261.912     804.51     144.886     858.655
-44.8351     25.526     10.159     52.8016     -782.31     537.687     764.44     1218.81     -44.6638     25.1164     10.6981     52.6474     -782.088     537.641     763.202     1218.04
-52.9222     -42.363     28.1585     73.5617     -845.671     -427.21     -32.1567     948.011     -48.8893     -39.5025     26.0099     68.2898     -848.948     -430.07     -30.1295     952.506
-91.5648     -163.798     -42.7427     192.52     -564.88     -599.811     -361.201     899.64     -71.9402     -131.364     -33.267     153.454     -584.504     -632.245     -370.677     938.706
754.875     455.094     621.236     1078.38     88.1012     110.089     103.581     175.024     85.5942     106.999     100.893     170.22     423.676     256.067     349.813     606.281
716.042     436.155     -403.366     930.416     112.361     128.419     -58.8992     180.578     28.924     37.0198     -15.3451     49.4403     799.479     527.554     -446.92     1061.55
-688.898     -685.384     745.376     1224.72     -37.2697     -8.64612     46.8414     60.6708     -34.057     -8.23953     39.714     53.1441     -559.977     -554.103     605.382     993.592
-103.31     -23.2204     -186.079     214.151     -739.624     -511.919     -1364.27     1634.13     -100.341     -23.0467     -181.228     208.551     -742.593     -512.093     -1369.12     1639.73
-760.87     362.611     100.192     848.806     -162.885     67.8667     -35.2828     180.015     -53.7924     22.9298     -13.3074     60.0023     -857.589     402.937     80.8336     955.394
69.4054     34.2862     -42.2448     88.3194     708.876     599.768     -122.3     936.593     65.3472     32.5504     -39.099     83.0364     711.129     600.498     -123.882     939.217
37.6067     -38.089     -68.9984     87.4578     899.939     -362.595     -753.858     1228.69     36.6653     -36.6347     -66.6714     84.6755     899.11     -363.412     -753.904     1228.49
74.1317     80.349     -21.5554     111.531     569.945     690.842     -554.977     1053.62     70.7759     76.9526     -21.0867     106.833     572.188     692.226     -554.451     1055.71
712.213     -671.437     -1175.18     1529.43     9.8958     -24.551     -11.3436     29.1958     8.80219     -19.0644     -8.61315     22.9225     503.362     -475.369     -829.695     1080.69
57.8553     83.8051     -38.0631     108.823     619.039     672.652     12.6971     914.251     56.2537     80.921     -36.4706     105.221     436.498     475.795     7.5483     645.907
12.1696     10.4716     29.2672     33.7248     22.983     992.603     963.162     1383.29     8.09783     8.8286     20.7953     24.2207     23.2211     973.655     945.214     1357.28
-183.828     -8.11859     55.9592     192.387     -788.284     -297.87     250.991     879.283     -175.339     -7.15024     53.2386     183.444     -796.768     -298.838     253.714     888.222
96.8347     -15.7229     -64.7261     117.629     881.275     -270.119     -216.194     946.77     91.6224     -15.0951     -61.3993     111.446     810.196     -247.617     -200.557     870.883
262.269     833.968     -687.873     1112.42     -6.29264     146.762     -120.393     189.99     -6.21957     134.929     -110.917     174.844     262.212     845.668     -697.305     1127.45
-36.7467     2.27786     25.8271     45.2282     -971.574     60.2252     15.653     973.577     -34.4099     2.32521     23.9011     42.3116     -899.484     55.8725     15.7135     901.594
-147.779     874.544     -302.142     937.005     18.781     136.538     -20.6457     139.444     12.7039     102.015     -15.0057     104.023     -146.16     884.927     -303.686     947.504
10.9331     27.6057     66.8114     73.2694     -134.185     975.947     1232.28     1577.66     6.95858     16.0922     37.5696     41.5326     -129.82     947.088     1196.22     1531.43
-53.7784     193.124     -25.4136     202.134     21.4791     810.357     -34.4013     811.385     -4.73285     15.0056     -2.13131     15.9487     -27.5664     988.476     -57.6835     997.57
255.635     -822.959     -1538.22     1763.17     10.9559     -143.261     -347.046     375.643     9.72004     -128.194     -312.08     337.555     256.879     -837.994     -1573.07     1801.13
-943.547     -165.638     -104.594     963.68     -64.072     20.7948     -11.2482     68.4632     -48.0901     13.352     -8.07618     50.735     -899.263     -157.769     -99.348     918.488
-32.3048     -116.942     -39.9382     127.817     -82.0951     -879.896     -623.49     1081.54     -23.9508     -84.8868     -29.8896     93.2642     -83.5352     -882.21     -624.15     1084.11
85.524     -82.5283     124.15     171.935     781.025     -445.764     1354.13     1625.55     80.6583     -77.9947     117.405     162.485     786.155     -450.455     1362.15     1636.61
-684.392     -564.598     179.454     905.201     -74.8655     -114.211     55.2795     147.404     -62.8633     -97.2921     47.1681     125.158     -696.382     -581.388     187.445     927.222
66.3869     -51.2094     172.749     192.081     657.372     -655.215     3003.82     3143.95     64.4699     -49.6236     169.069     187.7     658.773     -655.768     3006.01     3146.52
-578.112     715.259     -575.191     1084.75     -85.2722     43.8491     -66.8384     116.981     -74.7422     40.455     -58.837     103.569     -578.256     713.751     -574.464     1083.6
-140.084     32.9632     103.136     177.116     -867.597     102.018     299.252     923.421     -133.492     31.2224     98.5867     168.984     -815.721     97.0067     284.373     869.569
866.745     330.903     845.169     1255.02     70.9603     69.5883     91.9811     135.504     70.1854     68.2755     90.0818     133.202     729.298     279.261     712.124     1056.98
43.0075     112.549     0.162601     120.582     590.858     672.19     -117.045     902.594     38.8445     103.608     0.016581     110.761     595.021     681.131     -116.899     912.414
