px(1, true)   py(1, true)   pz(1, true)   E(1, true)  px(2, true)   py(2, true)   pz(2, true)   E(2, true)   px(1)   py(1)   pz(1)   E(1)  px(2)   py(2)   pz(2)   E(2)
-154.396 -31.1917 -344.419 378.728 -155.731 -40.8282 -352.574 387.592
141.557 -67.2413 742.832 759.184 149.556 -67.9234 775.004 792.219
-97.0554 -40.8659 -1449.42 1453.24 -105.83 -37.8199 -1555.79 1559.84
140.768 -114.542 63.3019 192.205 147.864 -120.569 60.63 200.191
-59.0618 -118.328 -766.72 778.043 -45.6602 -137.186 -849.049 861.272
-98.147 48.8844 -1.08231 109.653 -124.588 69.8597 -53.1683 152.412
43.0996 126.522 233.683 269.209 45.4325 121.659 253.828 285.12
-91.3774 -90.2886 120.726 176.286 -98.3919 -88.4765 136.333 189.988
-75.0085 93.7616 -142.583 186.407 -82.6647 99.858 -185.854 226.598
38.3004 -134.237 830.779 842.426 45.8226 -157.858 911.677 926.377
47.3904 89.9756 129.29 164.491 56.6844 96.3198 138.945 178.316
66.6997 -129.794 223.583 266.992 63.4471 -135.588 240.205 283.034
5.25038 -127.343 120.966 175.717 -0.315364 -166.926 106.448 197.979
14.7181 99.6117 -283.67 301.011 15.9794 109.304 -373.365 389.364
65.0618 93.4724 -590.966 601.84 65.5688 88.5066 -609.36 619.235
79.9051 -61.3887 -321.339 336.767 87.8835 -69.2891 -403.624 418.852
-10.9213 -117.489 2001.94 2005.41 -6.17079 -114.905 2047.57 2050.8
83.9132 54.517 -4.73958 100.18 86.5951 54.4095 -9.42338 102.703
137.035 101.706 -245.457 298.951 103.063 92.3688 -278.706 311.177
152.55 -24.7098 -788.659 803.657 244.973 -22.0257 -583.802 633.499
104.555 -39.3229 -805.248 812.959 128.387 -44.5801 -1033.85 1042.75
-116.377 -65.641 189.884 232.182 -136.214 -72.1681 239.833 285.1
-1.98355 -282.276 238.375 369.468 -2.18487 -278.049 250.251 374.087
-102.288 17.7028 -216.425 240.034 -130.67 15.5409 -248.024 280.771
-59.4648 -206.975 -60.4705 223.677 -65.2682 -200.135 -73.0071 222.81
-26.091 117.514 -1149.57 1155.86 -31.0317 141.26 -1918.67 1924.11
-56.3951 -84.9124 -1857.46 1860.25 -52.6008 -98.5186 -2146.31 2149.22
-203.006 151.584 616.713 666.727 -175.141 143.183 654.964 692.931
-59.0594 -106.033 -22.1205 123.371 -62.6555 -104.99 -21.9444 124.219
-98.1487 -53.5933 -374.859 391.183 -70.5729 -54.711 -329.689 341.568
-108.682 -37.6445 -30.1617 118.906 -104.451 -28.83 6.879 108.575
-170.767 -2.39731 -186.112 252.596 -155.832 -14.4124 -193.292 248.703
-23.3436 -108.668 1464.03 1468.24 -31.4128 -95.9833 1182.98 1187.28
65.3856 -76.0905 131.792 165.633 62.298 -72.341 116.039 150.264
60.0755 -119.807 779.681 791.117 62.7817 -126.786 701.083 715.216
98.6162 -45.3618 330.267 347.648 97.0833 -63.7784 382.503 399.752
37.5212 -180.947 -278.229 334.007 39.1544 -194.372 -339.072 392.79
46.1384 -154.153 392.639 424.331 59.7465 -170.529 389.281 429.173
-79.2254 81.4243 1643.72 1647.65 -79.8058 73.344 1733.72 1737.1
-62.2273 78.6909 117.028 154.143 -68.1404 103.508 97.7389 157.829
81.3514 115.53 172.417 222.919 80.9357 120.226 202.851 249.305
107.188 -41.8412 -827.347 835.31 93.1785 -88.1521 -531.399 546.661
-51.2978 -91.4733 582.084 591.457 -61.6978 -96.8315 644.531 654.678
-86.7329 -51.7057 99.9141 142.052 -110.469 -55.3868 91.9231 154.016
-106.952 27.0095 -207.713 235.187 -95.902 25.8123 -92.3705 135.631
-123.419 -16.5548 -358.387 379.405 -140.753 -25.0784 -400.907 425.637
-131.799 -9.20065 105.97 169.367 -129.273 -3.41396 96.0809 161.105
63.2259 -146.928 36.2649 164.014 81.3781 -120.295 -50.3169 153.704
28.1001 101.391 945.974 951.807 33.6257 117.644 1038.86 1046.04
184.77 -30.2613 -103.978 214.166 170.104 -30.3279 -104.236 201.792
128.575 204.996 703.437 743.894 121.797 219.208 707.219 750.364
-50.0912 87.8414 85.265 132.27 -49.0961 91.5216 124.428 162.077
-97.0923 47.8335 -477.917 490.02 -83.3096 63.8136 -577.379 586.839
131.659 -26.5413 -275.628 306.609 177.88 -26.7301 -430.092 466.192
-51.0236 -261.906 -107.217 287.565 -55.9994 -274.585 -151.838 318.728
-17.2812 104.348 481.046 492.537 -17.6959 110.905 721.18 729.872
-105.418 29.8469 -200.185 228.206 -125.374 28.3965 -287.116 314.58
-108.576 6.45345 -643.257 652.388 -130.596 18.5979 -662.604 675.607
-6.37771 158.231 -705.749 723.297 53.7813 163.523 -885.52 902.096
88.0517 56.0574 -154.261 186.258 98.9784 37.6125 -156.331 188.814
138.295 -1.98074 -8.01968 138.542 134.04 -5.96834 -4.17515 134.237
-10.0254 164.606 152.177 224.396 -14.5475 176.714 178.232 251.408
-185.387 108.922 11.9559 215.349 -193.078 108.582 29.7266 223.502
-108.447 10.5735 -338.681 355.777 -110.546 9.49261 -323.173 341.689
-100.518 9.80468 843.473 849.497 -118.586 14.7473 1059.72 1066.44
107.113 17.8329 -315.921 334.062 142.864 32.6955 -323.221 354.896
-182.755 -24.0533 -973.335 990.636 -201.812 -21.137 -1068.46 1087.56
77.0817 -81.0935 -331.906 350.256 70.8276 -78.7601 -231.296 254.396
71.6692 95.3151 976.608 983.862 49.215 109.863 928.527 936.298
-67.9705 -107.148 -69.8988 144.867 -63.3927 -115.853 -66.8323 148.011
-132.383 80.3751 -26.0348 157.045 -8.50281 156.614 563.223 584.654
114.944 -33.0378 0.415306 119.599 117.282 -33.6544 0.639523 122.016
20.723 -107.763 2.36038 109.763 22.9402 -122.218 17.9615 125.643
112.639 44.8937 53.1814 132.406 118.181 55.8705 81.7722 154.191
167.917 21.9202 -195.083 258.329 159.794 3.11924 -213.76 266.903
-130.92 -89.5863 525.798 549.208 -132.106 -88.9805 507.307 531.724
-63.4115 -83.5842 -4.87495 105.029 -63.8926 -95.6414 47.1931 124.325
164.047 -44.7707 -16.5407 170.849 180.133 -45.658 -15.067 186.439
27.1347 184.458 -108.418 215.675 43.8491 199.633 -96.4056 225.987
28.8845 658.329 -321.693 733.293 34.4554 666.596 -303.386 733.199
-83.4026 -89.6686 -48.5325 131.726 -88.9282 -88.204 -53.8453 136.336
44.8615 139.058 -240.458 281.371 42.1391 146.899 -307.04 342.97
-243.286 50.4676 339.768 420.925 -234.235 46.5342 210.087 318.069
49.5119 -120.491 -648.069 661.031 49.8351 -128.779 -773.679 785.905
-73.4428 -97.1979 152.66 195.311 -87.777 -108.165 192.871 237.915
-74.7494 -79.9025 -660.615 669.615 -34.6476 -65.8665 -702.994 706.922
-30.2799 -103.013 -936.884 943.017 -10.8535 -117.265 -805.055 813.624
-76.2846 -99.53 -689.849 701.154 -79.3507 -83.1332 -447.573 462.092
137.184 239.589 -648.753 705.056 134.724 293.44 -815.326 876.935
53.0584 -121.327 -527.913 544.268 51.0634 -103.641 -91.3011 147.258
-58.2663 106.363 -59.9801 135.299 -56.0633 109.828 -81.0471 147.56
184.386 275.192 744.574 814.936 189.517 293.149 625.438 716.259
27.0939 -119.928 -350.015 370.981 33.2591 -121.927 -378.928 399.449
123.052 130.849 520.822 550.926 137.924 150.315 343.768 399.743
-89.4013 -49.5533 -878.773 884.698 -98.306 -49.3942 -841.111 848.276
-86.9545 -116.278 379.07 405.926 -89.5668 -125.908 386.92 416.632
76.1301 -109.03 43.7027 139.976 76.2906 -108.703 70.4201 150.318
99.0901 52.3654 323.293 342.169 107.905 65.6931 386.895 406.997
40.5513 -146.862 134.713 203.373 44.7664 -143.824 166.721 224.689
45.6586 200.328 209.539 293.466 51.6481 201.885 206.515 293.383
-114.886 -43.0537 1754.39 1758.68 -101.174 -63.096 1967.93 1971.53
135.953 55.2003 -72.2971 163.576 143.707 60.5721 -88.9535 179.537
-150.185 94.3298 746.271 767.055 -157.743 91.8174 535.578 565.824
-155.411 -64.8853 546.655 572.009 -193.929 -68.2185 588.553 623.424
76.4425 -65.3646 73.2753 124.44 86.5339 -71.091 55.8428 125.142
-110.975 20.5049 -311.393 331.212 -113.448 19.3711 -309.517 330.222
-104.706 35.6049 -213.481 240.427 -107.279 40.8704 -214.944 243.68
134.57 -23.8644 -36.8846 141.559 107.634 -26.4172 -92.9484 144.645
34.7794 -186.581 -611.147 639.94 26.7746 -189.363 -625.731 654.304
-187.217 -166.717 -102.583 270.865 -235.626 -172.049 -169.128 337.231
-80.9124 -114.112 -29.8962 143.046 -93.3994 -129.091 18.5773 160.415
-122.093 135.473 495.129 527.648 -155.858 122.555 633.42 663.726
-90.3767 -95.6172 -2907.76 2910.74 -95.2527 -111.248 -3613.47 3616.44
140.376 -115.925 426.709 463.923 157.424 -142.891 299.01 366.888
94.8261 234.38 575.558 628.644 96.2404 240.205 635.389 686.061
41.6159 -109.297 -450.144 465.088 55.514 -92.7283 -399.01 413.388
-78.1894 -77.4776 489.729 501.947 -73.6507 -82.4747 239.499 263.792
-47.7767 131.455 11.2813 140.322 -61.7644 143.411 -14.7989 156.846
-108.649 -136.429 139.51 223.339 -142.138 -134.542 326.294 380.49
88.7 -49.8541 34.3609 107.396 91.4113 -53.2047 44.5871 114.781
-0.527046 133.215 242.188 276.409 -8.15412 139.415 129.99 190.789
-44.0703 151.154 -291.046 330.904 -43.8857 163.638 -299.56 344.151
85.1236 -123.5 212.177 259.841 88.501 -142.816 222.027 278.433
98.3126 -51.2462 -420.408 434.781 103.73 -54.8757 -461.558 476.242
-31.1354 -107.264 -21.3297 113.709 -28.8104 -118.321 -41.5362 128.666
124.518 -123.802 30.6292 178.241 120.381 -123.905 7.89575 172.935
-42.7451 126.968 284.636 314.588 -66.2645 161.652 183.234 253.174
124.666 7.6295 -324.1 347.333 91.6695 -4.21585 -370.559 381.753
145.788 -95.1681 648.071 671.049 148.133 -94.3839 701.639 723.29
92.6381 40.4764 -184.661 210.522 124.66 62.8572 -569.602 586.461
-58.9334 -121.861 140.02 194.754 -60.6012 -137.139 166.745 224.24
27.0001 -109.697 -574.499 585.501 40.6578 -112.999 -574.88 587.29
9.68262 -104.038 -143.001 177.107 -1.55426 -109.552 -175.966 207.287
126.766 -35.8869 -256.696 288.531 117.968 -44.5632 -244.158 274.8
-85.1537 -65.0738 -1652.03 1655.5 -71.9885 -71.3476 -1399.01 1402.67
-129.824 -50.0664 -509.05 527.724 -95.1403 -82.1711 -364.816 385.868
-63.6917 -82.0882 3867.16 3868.56 -62.0632 -82.7442 4044.01 4045.33
142.473 60.9074 -8.39741 155.174 123.002 65.1084 -97.591 169.978
186.486 -143.797 422.573 483.759 181.447 -144.503 435.245 493.196
-38.9017 -227.667 101.971 252.475 -43.4959 -231.78 94.7946 254.165
137.235 116.742 578.495 605.903 134.732 111.409 271.724 323.107
-134.204 -18.2961 24.9068 137.717 -150.786 -31.1123 76.3966 171.874
-179.095 29.9433 -84.8729 200.437 -176.36 31.2643 -96.7952 203.592
101.406 -60.5513 -206.915 238.251 90.2277 -35.4678 -289.511 305.313
64.9184 136.806 -826.509 840.267 63.9512 126.121 -918.891 929.708
6.50829 -188.39 23.2416 189.929 4.09918 -204.026 37.336 207.454
96.8845 102.153 -46.9 148.396 95.4408 110.963 -76.2677 165.041
-93.1421 105.841 50.7271 149.837 -108.465 129.551 -34.0914 172.367
-104.163 -9.24386 -602.893 611.895 -97.9856 -7.53363 -602.648 610.609
-60.1156 92.7538 -9.42916 110.933 -58.5503 96.0948 -20.14 114.315
98.1535 38.2302 1589.74 1593.22 128.492 0.571596 1724.59 1729.37
31.9262 101.104 -236.565 259.238 6.46027 83.6166 -182.247 200.618
22.5442 231.8 674.883 713.937 20.8944 231.959 620.674 662.931
9.00559 137.912 -322.753 351.099 3.85874 157.086 -433.427 461.032
131.746 153.523 30.4707 204.585 128.861 156.605 34.1485 205.661
53.5216 91.9059 -75.2009 130.255 51.2776 97.9485 -74.9783 133.585
-24.3924 114.205 -105.062 157.085 -24.2938 125.253 -120.023 175.168
96.2196 27.2373 -131.043 164.84 132.83 19.3412 -175.757 221.153
-3.57375 257.032 1289.11 1314.49 -37.0839 280.42 751.657 803.118
35.2077 -113.361 430.405 446.474 68.58 -116.948 379.7 403.177
80.0644 -81.8641 -1839.5 1843.06 78.356 -94.6071 -1877.69 1881.7
-29.4109 172.009 73.5205 189.36 -33.0909 187.883 132.765 232.425
-117.121 137.258 -1522.21 1532.87 -122.07 141.484 -2163.05 2171.11
103.382 152.907 339.296 386.251 77.611 170.374 368.389 413.233
94.8102 35.7537 -1137.26 1141.77 104.201 56.1496 -1315.14 1320.45
-159.401 172.223 -525.366 575.395 -141.711 217.573 -683.735 731.377
82.551 61.4594 4.0522 102.997 91.3503 62.1318 18.6822 112.046
175.674 4.86205 31.4916 178.54 203.102 23.4144 25.7864 206.067
499.344 167.052 -2507.22 2561.92 491.343 165.829 -2579.78 2631.39
55.8861 107.98 405.016 422.873 57.709 109.002 409.232 427.414
106.049 -15.5589 -221.45 246.026 111.074 -8.05539 -256.385 279.527
109.168 20.4751 -247.597 271.368 98.7389 19.6043 -307.964 323.999
-68.423 -114.798 -68.7681 150.298 -64.5483 -123.962 -46.8051 147.39
-16.1456 124.361 1361.42 1367.18 -21.3597 109.871 1462.34 1466.62
-241.244 -38.4038 -309.78 394.509 -239.613 -32.6398 -293.914 380.611
124.608 -63.0784 -785.687 798.004 137.379 -41.2965 -898.72 910.096
46.9093 -97.281 182.015 211.645 50.2913 -105.624 196.697 228.856
-95.5124 -90.2047 653.353 666.431 -109.426 -80.7519 702.496 715.539
109.303 112.476 164.116 227.007 107.325 99.7007 123.505 191.604
18.5422 227.04 -1507.34 1524.46 40.3758 232.685 -1549.57 1567.47
112.792 160.501 54.014 203.471 105.574 164.274 69.8531 207.391
-99.9996 -105.868 39.2472 150.826 -105.591 -111.362 15.1665 154.211
-110.895 -72.373 66.979 148.397 -116.433 -66.1337 51.462 143.453
76.8025 -113.598 360.845 386.021 78.2593 -113.696 369.846 394.763
114.315 -38.4108 1111.7 1118.22 118.411 -44.9688 1209.51 1216.12
0.700777 134.265 14.3889 135.036 4.78802 139.995 13.2212 140.699
-61.1937 -81.405 1527.96 1531.35 -70.1465 -59.3022 1534.11 1536.86
-76.8968 -153.877 -404.452 439.515 -86.2518 -165.768 -408.926 449.598
88.5975 60.9724 -975.431 981.342 85.1689 58.3655 -1158.58 1163.17
83.3835 -90.3918 -127.569 177.193 71.5825 -49.2886 -236.187 251.669
-106.224 -32.5325 502.51 514.644 -109.333 -25.2121 550.818 562.13
137.088 -96.7363 497.112 524.663 156.445 -110.594 838.335 859.948
-103.089 96.3413 63.0414 154.542 -102.692 96.045 79.497 161.524
137.623 -67.0928 60.453 164.609 154.235 -70.3224 68.4914 182.824
4.85898 -153.103 -12.1867 153.665 4.10988 -161.554 -29.4929 164.275
-129.82 15.6349 458.919 477.183 -135.124 20.6835 481.464 500.494
12.2516 102.723 12.875 104.249 10.3056 107.364 26.6842 111.109
139.788 2.36857 39.881 145.385 144.386 2.59415 76.0371 163.204
59.0289 101.369 -1682.81 1686.89 79.3953 79.1207 -1593.86 1597.8
250.307 186.649 278.649 418.493 247.668 197.877 287.024 427.642
83.343 -61.8685 48.2715 114.472 88.0848 -68.9766 43.5573 120.058
-236.035 85.595 1597.18 1616.79 -232.183 102.841 1978.09 1994.32
115.502 -20.0519 -74.1465 138.71 175.863 -13.1187 -108.853 207.241
-125.46 -138.393 -34.1187 189.887 -113.898 -157.739 -36.2423 197.909
-127.252 -9.11171 -213.038 248.317 -126.199 -7.69119 -272.787 300.662
-181.794 -52.4755 -117.384 222.67 -186.263 -48.4269 -117.251 225.359
-54.1029 -93.7039 1810.79 1814.02 -49.3662 -96.8316 1929.83 1932.89
-104.784 43.0381 -608.735 619.185 -105.691 45.456 -721.202 730.321
-43.8229 112.532 168.47 207.283 -51.2231 109.496 212.031 244.071
42.8825 178.804 11.2706 184.22 -12.2437 220.351 -36.6742 223.718
36.948 103.23 520.692 532.11 34.6316 128.236 429.77 449.829
74.7804 75.7785 7.55944 106.732 79.5181 73.3234 40.8917 115.636
21.9213 99.3537 -158.723 188.533 23.9979 108.447 -174.897 207.185
-105.852 65.2288 1587.25 1592.12 -127.907 91.1546 1509.26 1517.41
180.391 104.736 209.113 295.362 190.675 121.246 242.559 331.5
46.2248 -121.517 -3.91033 130.071 27.9476 -124.12 -27.9898 130.27
-11.6738 -103.248 -51.5248 115.98 -11.8462 -106.849 -53.7091 120.174
-185.628 95.0817 31.3479 210.905 -194.563 101.912 32.7051 222.06
85.1927 61.206 -305.725 323.221 119.927 65.0542 -356.323 381.55
-232.953 -79.6412 -1034.15 1063.05 -225.745 -81.6351 -810.446 845.25
-83.6744 -66.2547 573.035 582.889 -79.5462 -71.7769 657.106 665.784
-32.0444 -174.939 -22.1808 179.228 -44.5905 -192.955 -61.5092 207.372
-17.1301 116.103 50.6556 127.825 -28.7554 123.039 65.5629 142.351
-134.953 -7.07818 155.658 206.136 -138.358 -2.60535 165.605 215.812
-95.1855 55.0221 61.6099 126.03 -91.3584 74.9944 86.3862 146.4
-498.343 104.401 769.088 922.357 -503.353 103.262 774.23 929.225
7.0591 -104.531 83.2607 133.824 -1.12784 -125.191 131.029 181.225
-62.2585 93.4412 348.105 365.765 -58.6336 97.2975 423.458 438.431
194.488 -125.086 184.731 295.969 182.478 -138.252 124.279 260.494
168.752 38.2255 378.624 416.287 174.008 25.6936 391.947 429.606
-11.4108 180.763 187.583 260.754 -3.04787 198.46 213.851 291.767
-69.9039 -79.4803 177.967 207.065 -77.2423 -107.567 320.264 346.563
84.1978 -59.0198 -801.739 808.306 95.5964 -72.2116 -874.465 882.633
-3.71703 104.448 3359.04 3360.67 -89.4799 50.2555 125.727 162.295
10.352 -178.486 47.3043 184.938 -17.0562 -199.189 -116.655 231.464
-90.3605 48.2967 36.4334 108.743 -97.7751 51.0363 66.2666 128.67
8.77966 114.582 -63.8073 131.444 8.92542 133.417 -59.1673 146.221
119.744 52.3738 -377.626 399.603 124.083 49.4698 -398.3 420.103
27.7495 135.566 -465.343 485.481 38.0037 147.424 -521.388 543.161
21.8658 108.069 398.306 413.285 22.1439 103.951 409.487 423.055
-102.372 -0.54911 -9.44011 102.807 -122.054 3.81887 26.9737 125.057
19.1032 -206.043 -2137.03 2147.03 1.18492 -228.007 -1885.51 1899.25
-142.159 31.3043 119.914 188.596 -143.81 40.7958 115.605 188.971
23.9602 -146.667 488.302 510.416 29.063 -151.621 491.422 515.102
-99.4109 91.9921 32.9812 139.402 -118.267 106.924 62.4294 171.223
201.654 -203.732 231.92 368.725 217.402 -197.312 180.118 344.438
-152.442 -49.9901 -159.549 226.26 -154.104 -51.4612 -163.066 230.188
-229.713 73.81 7.32001 241.391 -239.868 57.1865 41.3184 250.029
84.6552 163.311 3107.55 3112.99 84.314 208.266 2451.64 2461.92
61.5754 -122.515 -167.159 216.202 60.8727 -130.622 -166.409 220.135
-107.74 -74.4798 127.083 182.497 -117.913 -96.8662 97.5226 181.1
-9.29538 -103.157 17.4353 105.032 -10.6082 -103.803 13.0395 105.155
-125.684 39.9838 -442.197 461.447 -140.081 41.5242 -529.045 548.85
141.956 5.84583 -208.531 252.331 138.493 3.29777 -56.4542 149.593
-90.9573 -108.945 -892.076 903.295 -95.4803 -118.094 -1398.96 1407.18
-104.843 52.7199 410.64 427.079 -107.157 62.0812 403.933 422.491
100.698 17.2698 -109.904 150.058 96.5922 4.17583 -29.7757 101.164
103.182 -85.8888 353.995 378.597 71.9949 -94.9811 381.122 399.323
119.139 39.4217 -650.463 662.458 128.338 40.9134 -765.3 777.064
-136.04 -30.1047 366.137 391.752 -139.239 -31.0034 374.072 400.348
-100.872 22.8113 23.1569 105.98 -105.864 42.2376 48.7345 123.961
33.1563 142.619 -148.516 208.558 42.138 180.375 -271.411 328.595
24.1239 117.912 -91.7033 151.31 16.8419 123.819 -91.6258 154.952
-12.1651 -103.376 -17.8934 105.616 -15.5569 -130.24 13.8587 131.896
-201.31 40.17 -118.504 237.029 -200.3 39.0125 -100.815 227.609
-45.3608 -219.243 -1555 1571.03 -28.7401 -212.177 -1710.77 1724.11
-179.411 -31.768 -44.7419 187.615 -186.969 -34.9996 -48.8262 196.383
-59.0288 95.3428 215.992 243.366 -54.4264 112.735 379.523 399.636
-142.675 96.3047 -10.3444 172.446 -142.245 96.0837 -11.6661 172.052
-61.451 -79.2232 139.332 171.657 -54.3106 -72.8486 122.391 152.434
-39.8675 -100.125 876.665 883.264 -30.8346 -87.0164 632.499 639.201
96.9275 -54.7738 -264.043 286.555 89.2879 -48.8205 -271.741 290.17
26.639 134.199 2392.99 2396.89 22.6939 128.466 734.524 746.019
160.484 -21.4522 -206.012 262.024 159.407 -20.1776 -209.888 264.331
70.2746 73.847 453.33 464.651 87.6039 81.8316 846.759 855.203
101.001 59.3472 -249.024 275.202 97.6727 63.8146 -270.651 294.727
76.5017 -96.7014 -1702.3 1706.76 77.685 -91.423 -1663.2 1667.52
-175.394 -125.291 -569.453 608.882 -171.557 -127.581 -621.047 656.816
116.887 23.7947 1098.14 1104.6 128.219 32.752 1329.94 1336.5
-62.4956 -108.201 -249.124 278.704 -69.0651 -117.488 -254.388 288.595
120.539 8.56201 962.124 969.683 142.85 49.0923 599.494 618.231
157.169 -136.09 -322.124 383.389 102.017 -83.5804 -372.724 395.369
-86.8292 154.694 -82.5028 195.643 -76.9368 168.641 -117.998 219.733
140.574 32.3593 478.484 499.755 142.323 27.5258 474.348 496.004
81.1024 94.1798 251.596 280.621 80.7682 96.1691 265.449 293.658
132.128 121.286 7.07449 179.494 133.936 132.333 4.92481 188.348
71.6846 304.742 -21.7966 313.818 14.1117 275.209 5.23508 275.62
-99.4981 -46.3494 1229.75 1234.64 -96.0329 -63.1516 1309.81 1314.84
-38.8323 108.734 -739.109 748.073 -73.5538 134.108 -937.288 949.686
57.3805 -144.603 -1132.02 1142.66 61.1058 -146.128 -1054.3 1066.13
84.0331 -68.1424 129.989 169.121 92.6945 -68.0708 162.953 199.448
-52.4791 90.9243 -149.254 182.478 -71.6294 96.7173 -184.434 220.229
-120.298 64.0285 1219.47 1227.06 -96.4204 76.2275 1245.51 1251.56
142.577 11.2038 83.8745 165.797 138.038 5.7298 142.404 198.409
70.9398 71.3649 84.8711 131.638 69.6418 70.7885 102.453 142.68
-55.9725 -125.467 -422.583 444.355 -59.6003 -130.071 -457.2 479.064
-165.632 -109.256 -173.379 263.498 -155.041 -87.7907 -101.834 205.22
95.2223 39.4513 170.5 199.233 111.05 36.7933 209.793 240.206
-41.9673 -107.27 1061.08 1067.32 -44.7611 -113.127 1137.4 1143.88
34.2716 95.4723 211.94 234.964 51.3995 108.57 292.398 316.11
-52.3762 -158.725 578.339 602.007 -83.8769 -144.571 680.142 700.378
-189.854 -152.462 -393.755 462.96 -183.721 -124.025 -542.214 585.774
-65.3017 95.1586 697.587 707.07 -90.1185 122.926 1207.44 1217.02
-142.899 41.26 -671.704 687.974 -141.266 50.8739 -762.588 777.229
86.0023 -110.162 34.2128 143.884 86.7806 -100.499 21.4925 134.51
130.398 -49.2064 296.454 327.582 149.001 -60.8867 343.126 379.004
123.034 -25.9939 -16.1563 126.783 129.942 -36.6474 -25.4185 137.383
-97.6857 229.121 924.148 957.125 -91.682 236.223 939.094 972.679
10.5441 102.811 -301.691 318.902 17.5095 69.8692 -348.712 356.073
64.3108 -82.4806 65.4842 123.398 70.292 -92.986 92.2042 148.624
-35.9208 -103.703 -644.799 654.072 -27.6107 -102.091 -691.598 699.638
79.8784 -150.694 -190.729 255.864 97.6816 -174.586 -190.389 276.17
-268.219 -279.486 72.7925 394.148 -268.928 -279.555 70.4488 394.254
66.6904 -77.992 -681.753 689.432 63.0444 -84.7434 -727.435 735.063
155.038 -14.2136 -247.682 292.549 172.448 39.9043 -288.534 338.501
-154.998 69.7276 86.0011 190.48 -161.011 74.1753 89.2432 198.472
62.2628 86.8845 -176.896 206.683 61.5602 88.1442 -178.891 208.712
-96.2512 -31.7991 493.887 504.182 -96.2545 -37.5253 523.77 533.861
-63.3991 -83.2828 671.173 679.285 -75.5136 -78.6317 651.278 660.34
-133.517 -8.47453 -395.265 417.292 -150.816 3.21913 -816.326 830.147
81.1777 59.4282 43.1626 109.474 89.638 57.4877 70.7166 127.831
33.2653 -101.07 -149.374 183.397 38.1937 -123.965 -176.779 219.265
-132.583 20.7279 -185.668 229.086 -127.545 13.5735 -218.483 253.351
-121.298 12.9862 1410.51 1415.78 -125.139 3.29683 1543.98 1549.04
-67.1564 87.2906 -147.984 184.469 -65.341 86.3271 -171.761 203.036
-73.0138 91.3796 1791.49 1795.3 -76.4821 93.4019 1770.91 1775.02
-106.589 45.1454 -1462.92 1467.49 -101.171 42.233 -1510.31 1514.29
9.2908 123.081 73.2602 143.535 -11.2179 145.885 36.5692 150.817
0.73315 103.3 -145.108 178.123 -10.317 97.6978 -169.361 195.792
22.8715 -131.074 1616.74 1622.21 27.5967 -154.812 1731.11 1738.24
108.071 -50.2447 1939.23 1942.89 114.331 -35.0624 1917.66 1921.38
-100.747 58.5799 184.386 218.128 -105.513 62.0511 224.615 255.803
-95.4814 -32.6575 908.186 913.775 -71.5507 -18.2341 888.227 891.291
2.23974 131.367 -347.486 371.495 -2.1617 130.906 -375.451 397.624
78.021 -106.554 40.0602 138.007 66.0143 -128.683 60.8327 156.901
118.837 34.2232 -1009.5 1017.05 117.056 66.5827 -851.785 862.365
-109.983 24.1482 -288.195 309.412 -118.267 19.6467 -336.451 357.173
130.022 23.494 -314.098 340.756 119.814 19.5904 -895.693 903.884
-83.8397 -121.562 274.632 311.816 -94.5243 -137.163 664.085 684.659
37.8419 106.79 55.3804 126.108 38.7406 116.467 62.9127 137.925
-55.5393 -132.948 -398.934 424.156 -59.6823 -114.393 -443.466 461.855
-66.8698 -122.799 231.832 270.735 -72.0073 -127.6 248.782 288.721
-138.056 70.3007 -308.987 345.651 -149.886 70.896 -143.188 219.077
309.082 -11.3212 -427.447 527.608 354.755 -33.2 -440.321 566.424
31.9572 -205.078 853.731 878.599 28.4052 -219.823 993.561 1017.98
-30.5197 143.836 -41.06 152.663 -33.826 169.007 -65.1699 184.268
-35.5813 175.371 53.393 186.74 -52.3346 182.942 44.5083 195.417
150.5 90.1244 -112.982 208.657 156.487 91.6627 -116.946 215.793
-203.927 -59.6238 951.75 975.177 -206.888 -57.2077 1078.19 1099.35
51.733 119.242 518.129 534.184 64.4754 134.406 523.207 544.029
75.3699 152.457 -1479 1488.74 86.2138 165.655 -1948.03 1956.96
-108.659 13.1458 8.79069 109.804 -114.385 -19.9793 6.90112 116.321
-112.707 -195.916 153.299 273.106 -152.22 -234.402 180.298 332.6
-45.9188 90.7086 -243.24 263.632 -54.3354 88.8233 -203.432 228.531
45.017 -94.1141 -18.764 106 48.8441 -102.461 -39.973 120.34
140.514 13.6643 -271.402 305.925 145.206 7.88357 -261.509 299.222
-91.3319 89.6224 -263.976 293.354 -87.2136 90.8335 -247.767 277.931
-14.6362 135.246 307.777 336.501 -20.1977 139.6 364.408 390.755
89.6508 59.1549 677.282 685.746 104.875 51.0663 687.324 697.152
199.332 49.5157 -530.666 569.027 242.571 57.5878 -558.53 611.647
-109.447 -19.2367 3.84683 111.191 -112.654 -30.5316 6.23687 116.885
81.7459 -59.9281 -1424.1 1427.7 80.3243 -64.791 -1357.95 1361.87
-108.931 -6.48095 397.203 411.92 -97.3367 -14.7952 723.233 729.904
-73.0722 -184.75 193.157 277.095 -76.5978 -190.649 209.441 293.394
133.071 -46.3231 -199.447 244.198 116.143 -26.088 -19.7159 120.658
109.126 69.0445 356.215 378.899 124.787 99.8079 417.117 446.676
-50.5036 132.488 470.783 491.671 -65.0398 154.004 621.159 643.262
-123.685 84.8083 390.382 418.197 -123.004 97.5214 215.735 266.799
97.321 60.8933 2058.5 2061.7 135.602 106.471 1717.1 1725.73
65.0329 121.041 239.592 276.196 60.6133 119.283 274.332 305.222
-93.3739 -45.7142 179.851 207.738 -98.9515 -61.5301 248.699 274.642
107.796 54.672 -612.562 624.373 110.961 58.6094 -716.706 727.609
-96.2857 -50.0569 -21.7028 110.669 -107.586 -49.9749 -69.0892 137.279
-173.755 -125.842 -282.616 354.822 -180.591 -139.032 -282.858 363.252
104.288 44.925 298.407 319.282 123.559 50.3641 287.424 316.885
-92.6999 111.203 256.281 294.346 -102.573 129.594 259.668 307.804
-184.053 42.7863 104.811 216.082 -188.344 43.5584 93.1212 214.575
-91.0158 66.1894 -1442.99 1447.38 -102.08 19.7262 -1569 1572.44
141.075 -5.37679 487.302 507.341 127.539 1.34512 504.35 520.228
140.015 -11.3931 -770.458 783.16 155.912 -17.7261 -881.541 895.398
-78.2907 69.487 -61.574 121.446 -75.6483 80.1348 -69.0855 130.066
-107.385 9.36762 -42.7618 115.965 -108.622 13.0864 -34.5206 114.724
28.9186 120.252 -46.1501 132.011 34.0111 128.655 -20.9313 134.711
101.424 11.3246 -66.3103 121.705 103.496 14.2558 -73.4369 127.701
89.3134 118.541 -350.62 380.74 90.7829 137.606 -824.711 841.026
-43.6671 107.113 -165.11 201.597 -30.9419 110.374 -88.07 144.555
202.145 -141.931 37.1808 249.778 201.596 -141.671 41.5044 249.868
-132.681 -3.57298 143.934 195.791 -150.065 -29.4454 162.634 223.241
-94.7108 44.3621 22.3645 106.95 -98.5549 45.9504 24.5352 111.474
-101.915 -33.6458 -285.833 305.318 -82.8924 -51.8586 -291.386 307.354
-112.754 5.75382 -1508.54 1512.76 -114.801 5.81009 -1509.44 1513.81
-44.198 -98.7314 -583.453 593.396 -48.8266 -96.5174 -586.027 595.926
-127.729 -81.473 153.637 215.77 -129.239 -77.9486 168.017 225.851
47.5459 -99.2597 -962.951 969.22 56.0815 -100.452 -1571.46 1575.66
-114.814 -4.99334 316.008 336.257 -120.122 11.8482 358.723 378.486
10.3432 119.273 -35.5269 124.881 -3.94575 158.13 43.5917 164.075
-210.097 -235.425 -484.637 578.307 -192.63 -229.306 -638.276 705.041
-109.957 66.7013 466.162 483.577 -84.4541 42.4899 493.513 502.487
31.9597 -102.26 84.202 136.266 47.1801 -104.347 115.606 162.724
-110.098 7.90874 54.5763 123.137 -122.561 10.7692 95.6595 155.846
-108.097 17.1564 373.669 389.369 -113.697 17.83 438.915 453.752
-84.8196 52.9867 -223.44 244.801 -124.503 3.09983 59.5946 138.066
-100.857 -116.29 -134.13 204.173 -110.258 -128.713 -168.42 238.933
-55.8031 128.012 479.102 499.039 -66.6054 157.829 470.241 500.473
-54.6063 -84.3072 -240.378 260.521 -64.3438 -92.4828 -278.449 300.378
-93.7487 -74.4451 -66.315 136.852 -95.622 -79.33 -82.9536 149.393
129.056 -18.6657 173.578 217.102 142.583 -28.4815 156.022 213.27
-41.6254 -116.386 -57.9066 136.497 -40.121 -123.244 -70.9668 147.767
69.3521 -86.1516 -1102.43 1107.96 75.8794 -80.5321 -1140.4 1145.75
-64.686 -128.015 98.187 173.819 -69.574 -128.503 94.5806 174.066
273.058 29.0744 -472.604 546.59 289.586 36.4033 -473.141 555.921
-19.927 -101.21 43.9309 112.118 -16.8648 -102.785 53.4092 117.055
103.186 -20.4305 1045.43 1050.7 90.6698 2.2984 131.451 159.705
71.2001 79.5583 -227.965 251.728 90.9629 106.099 -206.879 249.66
137.088 -146.911 66.0323 211.509 136.316 -146.141 69.6649 211.642
113.736 89.5272 566.741 584.932 103.755 94.2561 611.675 627.531
23.164 -277.944 -1465.2 1491.51 22.1226 -280.723 -1525.91 1551.68
-83.4601 194.515 365.377 422.258 -85.0555 195.839 363.507 421.574
121.419 13.8447 752.519 762.377 120.715 24.4227 873.264 881.906
141.315 -57.1022 243.926 287.629 142.956 -54.2627 208.503 258.562
149.918 -109.701 -99.8923 210.923 161.322 -121.194 -114.101 231.801
-31.002 -111.237 670.668 680.537 -35.2767 -105.346 611.317 621.33
72.8097 86.0209 59.8221 127.591 71.3385 92.862 105.061 157.322
-118.315 -14.0291 401.849 419.139 -115.514 -9.62054 427.302 442.745
75.8319 90.4565 -316.067 337.389 72 95.7369 -349.15 369.128
-95.1467 -79.7836 -521.871 536.44 -114.751 -89.9588 -698.994 714.04
117.63 -4.2213 60.5196 132.352 125.223 -8.29093 138.089 186.596
50.6739 -121.994 -552.961 568.521 57.7777 -126.045 -674.957 689.052
-57.8814 -120.152 -1867.78 1872.53 -55.3742 -118.779 -2003.89 2008.18
20.5675 102.909 -204.486 229.843 -1.92313 104.689 -210.031 234.684
-152.606 -303.835 2186.3 2212.58 -165.45 -305.746 2300.21 2326.34
-133.439 49.2681 -216.251 258.84 -125.53 59.1596 -265.621 299.687
58.7712 81.2453 -101.725 142.838 83.6402 104.094 -253.849 286.828
89.4239 -49.2949 1.50229 102.122 95.2749 -50.3271 10.941 108.304
-66.7013 -103.425 -574.753 587.781 -86.2037 -106.484 -723.867 736.718
-70.9232 114.276 1907.58 1912.32 -69.7757 117.637 1868.47 1873.47
115.229 -129.457 2079.8 2087.01 119.517 -113.439 2328.19 2334.02
86.6312 74.4641 72.1697 135.123 90.8918 79.1997 75.3941 142.191
40.7312 -157.975 -105.049 194.037 22.51 -154.453 -71.5788 171.715
120.182 56.9005 371.717 394.785 173.38 124.629 970.885 994.087
38.97 -106.79 591.991 602.807 23.5619 -101.466 520.021 530.352
-31.1873 140.261 1114.68 1123.9 -28.7613 143.775 1182.44 1191.49
34.6953 140.016 -2351.87 2356.29 24.472 147.472 -2403.14 2407.79
-79.707 111.039 971.18 980.752 -88.6308 116.148 1012.46 1022.94
105.77 35.4054 25.8687 114.499 114.163 37.0522 16.4992 121.154
178.399 37.7494 -1238.54 1251.89 186.208 36.11 -1271.44 1285.51
-80.7669 102.701 -686.439 698.762 -79.6734 115.877 -479.167 499.376
-52.2936 -111.319 1757.75 1762.05 -54.2999 -113.904 1808.33 1812.72
-66.5982 97.2079 -476.611 490.961 -66.2947 93.4242 -449.353 463.725
107.702 0.325145 -194.011 221.901 110.089 2.72819 -198.657 227.138
-59.9775 101.539 -846.253 854.43 -117.001 84.5962 -145.004 204.626
-112.409 -134.429 -107.7 205.684 -100.263 -119.683 -133.088 205.156
-104.232 8.35265 626.125 634.797 -111.852 -5.03771 737.111 745.566
51.1456 138.147 -477.469 499.677 55.5581 137.397 -495.76 517.438
-117.355 -119.832 181.853 247.391 -113.431 -122.104 186.091 249.811
-68.9396 96.9663 -230.351 259.262 -49.8923 96.9067 -321.426 339.404
120.715 60.4063 370.432 394.26 145.396 54.9992 383.867 414.148
164.854 67.0261 909.696 926.939 159.763 77.1012 877.288 895.044
134.057 -141.812 18.9022 196.059 138.259 -158.95 11.0831 210.958
-215.179 -7.43824 694.763 727.361 -226.273 0.887536 725.48 759.948
97.6713 -27.8112 -56.8476 116.382 94.6899 -41.358 -102.705 145.688
48.2641 116.521 726.182 737.053 50.7005 105.074 874.749 882.495
-106.158 13.1721 229.561 253.261 -103.052 11.8021 216.951 240.472
24.0336 -100.522 223.654 246.38 27.9409 -112.498 222.201 250.619
134.498 30.6457 527.911 545.636 136.794 26.1857 608.092 623.838
108.514 -19.6462 -248.946 272.278 130.708 -23.8769 -387.309 409.467
-123.396 67.2675 127.417 189.701 -129.618 76.9336 173.892 230.126
-136.49 52.4971 4.74839 146.315 -141.039 56.0692 12.5873 152.296
96.6045 -57.3961 -4.84252 112.473 99.783 -46.4851 16.0979 111.25
104.162 69.1802 -395.928 415.204 90.7262 80.7642 -477.992 493.184
-110.517 33.8043 799.643 807.951 -110.941 54.9927 1284.92 1290.87
74.6409 107.153 1055.62 1063.67 69.753 120.18 1248.63 1256.33
85.7702 -98.7356 -381.267 403.076 76.2932 -100.22 -466.456 483.162
68.8894 80.5418 -441.509 454.051 70.8412 86.807 -478.974 491.904
-28.2166 108.515 104.231 153.087 -32.4308 107.096 129.766 171.349
107.748 28.386 457.808 471.173 108.707 41.233 309.051 330.197
23.8653 -139.703 -633.225 648.892 40.5185 -111.047 -632.881 643.826
-224.472 140.444 1560.9 1583.2 -243.106 235.945 541.847 639.037
2.87943 -123.074 214.908 247.671 1.2692 -126.581 218.015 252.1
88.3977 71.1974 -536.642 548.514 93.9087 88.8556 -792.884 803.354
-100.16 46.4145 -412.86 427.364 -111.086 69.5221 -443.52 462.475
-81.9886 -129.706 334.667 368.168 -86.417 -130.392 387.805 418.166
-39.7082 -124.203 -57.7126 142.597 -34.3447 -132.736 -72.4446 155.07
-99.4038 42.0141 -414.373 428.196 -82.6439 36.1229 -33.4511 96.197
104.75 59.0947 126.948 174.873 102.282 61.9679 122.868 171.459
-0.0902289 -127.172 -73.9115 147.091 -1.03025 -125.366 -103.936 162.851
77.6272 87.9949 -601.797 613.13 66.3949 96.1655 -230.516 258.445
112.138 -21.6146 646.946 656.949 108.145 -24.9032 787.429 795.211
67.3898 -77.2383 -156.714 187.26 59.9037 -90.8692 -319.147 337.195
-61.2206 -126.012 -433.657 455.725 -97.5399 -178.501 -405.016 453.227
-143.761 -19.5613 55.3115 155.272 -140.299 -17.5346 34.116 145.448
-91.0797 -45.6798 -16.9835 103.299 -112.787 -62.0192 -79.76 151.423
-90.823 -71.7109 -391.212 407.968 -103.985 -79.7895 -440.29 459.385
92.3307 -67.3663 -30.728 118.353 92.0894 -70.5986 -35.4432 121.329
-42.008 -117.375 322.376 345.642 -43.62 -101.802 303.332 322.919
-102.116 40.3933 -153.585 188.806 -78.2899 43.2507 -118.444 148.422
-65.4796 164.101 -1746.21 1755.13 -69.9048 156.181 -1553.81 1563.2
-72.3656 -97.4532 825.999 834.87 -77.6393 -94.4835 315.076 337.977
63.8615 -90.6501 -136.222 175.648 60.705 -83.2143 -191.782 217.693
171.102 -139.349 1052.85 1075.73 157.337 -151.981 1125.94 1146.99
-110.001 -84.9629 710.084 723.559 -96.3964 -95.717 736.347 748.773
-92.9717 -81.9057 200.977 236.102 -91.4172 -78.4258 203.468 236.446
44.1858 -103.24 -157.262 193.242 43.9469 -110.813 -242.011 269.778
149.933 65.4644 1188.05 1199.26 164.244 93.4613 1436.5 1448.88
-286.612 184.694 -1513.78 1551.7 -293.2 176.859 -1534.41 1572.15
74.371 -118.299 84.3153 163.202 80.1037 -117.74 79.5549 163.12
134.424 25.9355 -64.5836 151.372 143.586 13.4085 -147.9 206.57
107.96 14.9897 -5.09453 109.114 110.691 12.116 4.19977 111.431
38.2964 -104.027 -31.6605 115.285 21.5478 -110.087 -11.3119 112.745
101.468 41.8279 -25.8523 112.755 84.4915 33.6674 -51.754 104.646
76.9812 -66.8583 69.5281 123.411 74.0559 -77.6187 110.392 153.933
36.9723 170.721 -94.9349 198.809 -8.44413 144.462 -185.955 235.626
-143.491 -15.8846 869.977 881.874 -146.049 -33.951 1122.7 1132.67
96.5166 -29.3254 -717.238 724.297 124.679 -40.4706 -1008.64 1017.12
132.406 -77.9713 277.051 316.809 166.892 -88.3305 397.721 440.27
59.0596 80.7684 519.622 529.168 60.1135 77.2944 543.121 551.877
-79.1942 72.6808 -2421.26 2423.65 -76.5528 68.3716 -2401.7 2403.89
54.898 -104.066 -87.2813 146.497 57.5175 -117.864 -119.634 177.518
81.4956 229.094 -38.6868 246.216 74.0652 292.536 -141.172 333.155
-180.336 -205.383 -1776.55 1797.46 -192.632 -174.132 -1571.78 1593.09
90.2018 55.3029 656.251 664.726 143.974 58.0801 415.652 443.698
174.63 111.387 2663.8 2671.85 178.482 122.116 2606.44 2615.4
198.58 57.6864 -12.6053 207.173 183.701 74.1146 -24.541 199.603
134.542 57.1098 -433.018 457.02 87.0492 80.0275 -572.726 584.805
105.521 57.2719 -51.8758 130.789 111.085 58.5264 -71.1759 144.33
-0.890293 -122.187 -98.7619 157.113 -29.4919 -141.728 -163.366 218.277
75.8198 123.812 164.624 219.497 63.3375 140.609 139.637 208.041
-98.8703 -57.8717 -68.2073 133.329 -119.89 -55.7927 -266.569 297.566
160.85 64.7289 -58.6996 183.052 166.742 62.6982 -70.4091 191.55
-16.2541 -150.483 189.982 242.905 -25.9541 -154.188 210.082 261.881
131.586 -8.68508 1272.89 1279.7 118.773 -32.8102 983.032 990.724
-88.3183 -112.195 749.564 763.043 -102.618 -126.155 874.729 889.717
-56.3232 84.7808 180.24 206.994 -59.371 96.2688 116.466 162.348
-43.9425 98.0824 110.276 153.987 -48.3396 96.4313 106.576 151.638
26.8201 -124.169 51.0488 136.906 28.3501 -130.566 61.8728 147.24
-44.2357 -92.2922 196.277 221.358 -51.1586 -104.027 377.485 394.884
-66.4453 145.462 -839.681 854.774 -72.1711 145.316 -940.762 954.651
60.0328 -101.996 -462.986 477.873 55.8745 -96.778 -477.144 490.055
118.208 96.5673 378.725 408.328 105.802 104.795 381.707 409.727
82.9139 -68.8866 31.6372 112.343 88.0632 -54.8482 -0.281516 103.747
-8.6988 -109.268 359.471 375.811 -6.2643 -116.239 380.718 398.117
-31.8245 -95.8691 76.0016 126.412 2.0453 -94.8917 103.132 140.16
138.987 -174.594 -423.9 479.053 155.594 -183.904 -254.393 350.351
-44.3265 -138.38 -301.176 334.396 -65.801 -155.219 -364.942 402.002
-104.748 -2.31638 -52.253 117.081 -105.321 -6.47958 -82.0235 133.65
-3.09704 -118.18 -510.397 523.909 8.6222 -133.39 -586.424 601.465
103.011 46.072 -55.9257 125.943 80.0919 60.3446 9.87096 100.765
-176.2 152.476 542.363 590.299 -181.167 152.794 560.685 608.716
-106.008 -43.2195 -194.365 225.574 -115.828 -45.2496 -227.058 258.881
8.44559 -120.771 -501.107 515.524 6.74647 -99.8644 -604.275 612.508
139.288 -39.5128 309.316 341.524 147.331 -25.4809 265.183 304.43
-114.467 -60.4919 605.705 619.387 -114.913 -63.7416 257.209 288.833
-108.014 -101.837 129.964 197.303 -104.804 -109.027 129.897 199.359
107.227 55.3673 445.199 461.265 112.859 43.1701 575.482 588.031
95.3267 31.984 -92.3701 136.537 115.393 55.9173 -226.246 260.057
-58.6398 84.303 42.3114 111.067 -68.4885 100.312 54.2495 133.027
-56.8237 -122.409 -3148.64 3151.53 -35.8577 -126.049 -3054.66 3057.47
105.457 102.908 -390.172 417.068 106.881 85.8895 -420.074 441.885
27.7742 -114.038 491.394 505.217 28.6946 -113.874 493.002 506.795
111.75 -34.1544 22.7965 119.056 112.637 -15.319 78.5384 138.167
-17.2389 -162.486 -173.331 238.207 -42.9046 -189.021 -170.724 258.296
64.9806 79.3599 2302.09 2304.38 48.0665 82.9753 2400.59 2402.5
-31.2289 109.507 398.72 414.662 -57.3002 117.543 446.687 465.435
13.7114 189.825 147.366 240.704 11.7412 229.453 449.714 505.004
90.6901 -59.0558 337.066 354.014 77.8213 -70.3037 386.083 400.074
-122.168 22.4099 -149.249 194.171 -142.496 -12.3501 17.2646 144.068
123.682 164.052 -1510.69 1524.6 140.993 163.543 -1520.45 1535.71
44.0145 95.1823 26.5999 108.187 41.3422 98.8008 36.2944 113.084
8.09918 100.282 353.834 367.859 -19.6353 93.034 579.858 587.603
-193.102 44.4274 791.815 816.231 -207.538 47.429 812.525 839.951
-50.7528 86.9011 665.752 673.315 -50.4225 86.6087 656.564 664.168
39.0202 -114.821 61.9327 136.169 40.1615 -113.962 65.1427 137.273
95.5075 -78.1989 227.752 259.052 121.237 -59.8858 221.482 259.498
-15.5596 125.316 -256.463 285.866 -9.55208 131.909 -233.607 268.446
64.5838 148.531 43.9305 167.816 71.4481 151.415 45.5201 173.503
-110.716 -17.8517 552.419 563.688 -102.419 -15.678 526.972 537.062
100.587 -59.5225 91.3498 148.342 96.8401 -53.0209 99.6608 148.733
-90.3752 265.983 590.44 653.861 -90.8788 271.898 623.873 686.59
108.083 -52.4648 -86.3776 147.971 107.078 -48.4655 -88.3507 147.039
-324.204 47.3232 117.262 347.992 -323.442 46.6331 112.663 345.662
216.32 -419.422 858.657 979.797 212.713 -424.166 890.516 1009.05
-106.226 7.82201 156.442 189.26 -118.726 12.8627 254.79 281.388
-77.1378 109.864 -1467.62 1473.75 -83.712 119.602 -1575.34 1582.09
-74.5265 92.4103 85.1299 146.085 -69.7384 93.9704 104.267 156.734
92.4698 -57.3375 851.577 858.5 104.336 -73.3083 1191.85 1198.66
216.067 -13.4812 -366.109 425.326 215.837 -11.5605 -377.192 434.734
67.6734 -96.1037 168.77 205.667 70.8792 -92.9725 167.445 204.219
97.6459 -125.395 424.284 453.073 110.236 -130.063 426.728 459.527
-51.743 -90.6019 -97.0848 142.518 -30.9399 -90.3177 -95.8658 135.295
5.68707 99.8714 -800.503 806.729 -10.6278 104.752 -1046.16 1051.44
-141.998 58.3691 142.737 209.628 -144.774 58.7575 155.423 220.382
-98.853 -50.7863 -458.393 471.673 -175.343 -13.9439 -930.4 946.881
-80.17 -99.9687 675.177 687.23 -89.5645 -103.7 627.302 642.093
129.825 -18.1734 -458.791 477.152 134.821 -29.0851 -215.79 256.102
-110.779 62.7258 -21.5535 129.117 -69.0426 46.2273 -105.558 134.336
129.971 11.92 33.3997 134.722 182.072 6.57146 -78.4172 198.35
-52.9252 -102.951 -51.181 126.568 -54.8677 -107.039 -59.0946 134.015
-17.83 -116.292 217.199 247.017 -49.6257 -93.5963 285.263 304.299
72.5588 -86.0242 -66.2414 130.587 96.1728 -95.2651 -95.1233 165.448
-77.2409 116.715 -236.227 274.575 -86.8353 110.124 -281.53 314.526
112.017 -4.296 -68.0437 131.135 114.555 -5.43431 -59.4146 129.161
86.9247 78.4079 -111.23 161.48 101.473 87.3873 -168.594 215.307
-23.2077 -115.05 -67.8251 135.556 -33.7192 -176.479 209.157 275.732
111.121 106.683 -699.815 716.568 142.194 103.833 -597.494 622.896
-32.2371 98.1099 -142.2 175.743 -61.6778 85.1757 -194.495 221.105
51.4141 93.6374 -83.4831 135.576 54.8657 92.6619 -67.3457 127.011
-157.927 -29.6187 616.109 636.717 -169.896 -35.724 637.158 660.387
110.157 -35.4712 -395.435 412.021 104.828 -34.9012 -447.455 460.894
-107.563 -14.1969 -136.413 174.298 -105.123 -10.5193 -148.958 182.62
57.2877 85.4095 40.5491 110.548 68.2365 110.072 45.9144 137.405
145.392 35.7471 -8.69455 149.975 163.403 31.7949 -38.3764 170.834
46.8339 -102.515 -59 127.215 55.027 -105.687 -77.4055 142.089
83.9662 -83.8378 268.732 293.761 62.2654 -89.3149 232.154 256.417
-93.3561 -116.28 -191.094 242.391 -118.833 -47.0616 -582.801 596.652
112.063 -167.1 -95.6781 222.789 119.384 -157.164 -105.652 223.865
-83.3172 65.7067 -334.837 351.248 -95.6332 50.5742 -433.679 446.969
78.8236 69.5207 -2054.28 2056.97 88.1336 38.591 -2240.03 2242.09
-172.408 -51.5492 -19.6462 181.019 -179.589 -47.9886 -40.9363 190.345
10.1518 -133.372 -48.5419 142.293 7.25275 -134.168 -35.2647 138.915
64.1373 -78.2944 1824.44 1827.24 91.4072 -82.8258 2369.9 2373.1
56.2375 82.7794 265.136 283.394 69.425 95.9486 258.334 284.187
-79.1248 69.2885 -99.1157 144.518 -95.1069 75.0016 -144.177 188.302
17.8742 101.378 359.13 373.593 5.16778 109.161 348.65 365.376
106.614 144.131 -144.42 230.212 104.986 148.953 -159.178 241.965
86.8092 116.037 104.139 178.453 136.226 129.819 -14.6181 188.743
20.9948 100.914 -396.302 409.487 17.0044 114.161 -361.451 379.432
120.778 -9.76236 -410.023 427.553 119.811 -12.3762 -446.765 462.717
-70.3301 114.757 218.057 256.251 -77.4654 110.329 184.469 228.478
80.9821 68.5747 1650.57 1653.98 83.4721 68.7373 1760.04 1763.36
-43.3702 109.431 -114.89 164.487 -51.089 122.187 -6.30915 132.588
-34.8196 112.115 36.7341 123.011 -29.8515 110.881 37.7316 120.869
24.682 -108.274 252.413 275.762 41.7127 -86.9313 306.053 320.883
2.0313 -108.965 -1343.83 1348.25 0.161566 -93.1222 -775.328 780.9
18.932 136.122 -325.794 353.595 17.5518 138.184 -80.438 160.851
-130.065 91.3725 260.994 305.587 -124.824 79.7542 305.622 339.627
-139.448 20.1629 226.315 266.591 -137.595 42.6367 243.291 282.738
126.345 44.2509 2007.55 2012 109.775 18.7253 1935.15 1938.35
-135.079 -11.9848 109.115 174.058 -132.26 -25.3165 129.269 186.666
-158.776 18.8809 491.05 516.426 -144.203 32.6213 622.399 639.718
59.4909 -153.807 504.943 531.191 62.591 -138.232 523.849 545.384
-123.162 -10.1009 508.678 523.474 -115.985 -13.9225 413.829 430.001
136.18 -66.0607 -575.79 595.351 149.701 -81.0868 -941.433 956.704
84.8605 58.0692 428.835 440.99 126.642 -6.20311 -57.5749 139.254
-224.133 -146.294 -728.286 775.911 -253.191 -142.366 -634.193 697.549
35.6533 -101.893 830.895 837.878 36.8186 -96.7944 818.747 825.271
-93.9033 37.1684 -506.448 516.419 -88.8382 22.3917 -569.256 576.581
-100.488 8.14115 111.69 150.462 -112.738 4.85951 131.043 172.933
153.963 -34.7368 -857.344 871.751 133.494 -18.0996 -725.487 737.889
113.609 -7.89051 9.3444 114.265 125.363 -15.6615 6.61105 126.511
-166.845 -12.0505 -154.967 228.029 -174.274 -4.93293 -162.356 238.234
-108.358 -123.266 807.859 824.362 -106.212 -127.513 611.033 633.168
-68.9636 82.2964 -314.876 332.679 -65.2336 77.4256 -230.511 251.765
-82.5902 -80.9799 -1288.39 1293.58 -94.7285 -66.5106 -1417.47 1422.18
-64.229 -87.9193 181.769 211.885 -61.1511 -89.636 233.045 257.068
105.032 95.2013 278.573 312.567 81.496 98.2989 334.407 357.956
-78.1418 -87.0262 521.923 534.868 -83.5006 -76.1452 576.28 587.256
-150.118 -160.696 -1461.24 1477.69 -159.916 -149.075 -1318.17 1336.18
97.9545 -46.059 -134.753 172.844 95.7773 -63.2589 -157.424 194.826
-25.9652 -112.8 -209.871 239.675 -24.6748 -116.127 -259.489 285.357
-143.337 119.438 -549.772 580.569 -131.21 119.042 -473.98 506.008
172.972 -37.8218 233.826 293.3 158.29 -65.4128 245.034 298.958
-19.0433 -109.467 45.0462 119.896 -20.2738 -145.407 154.66 213.246
97.4786 43.6158 78.0278 132.26 96.7881 54.4772 94.054 145.54
-50.5704 142.418 -170.706 227.993 -54.9586 144.819 -150.217 215.773
153.895 41.2169 -407.895 437.905 171.334 38.7975 -421.696 456.824
113.07 69.0305 -26.155 135.034 122.37 76.0094 5.30977 144.153
102.693 -110.447 -166.525 224.666 82.2249 -151.921 -265.652 316.879
251.675 214.811 279.25 432.972 367.751 213.351 82.8144 433.149
-121.642 91.517 149.232 213.172 -139.515 100.415 117.942 208.465
-77.2682 -71.1923 -1414.6 1418.49 -82.9302 -94.0591 -1321.56 1327.49
152.055 15.5526 -209.462 259.301 155.556 3.12292 -225.108 273.644
110.341 9.54977 164.52 198.326 99.7011 -38.062 -13.6113 107.584
93.3283 -175.372 -52.0297 205.359 86.9341 -192.355 -48.9324 216.685
-115.531 99.0898 90.2633 176.957 -114.066 98.7653 109.032 186.155
38.3029 -100.662 -143.638 179.532 45.6203 -116.912 -138.254 186.719
107.876 52.7101 19.5558 121.647 124.728 19.8395 48.0864 135.14
-71.2147 -87.4403 -124.708 168.135 -77.0741 -104.604 -124.748 180.124
-73.6476 99.687 -480.162 495.901 -105.324 116.016 -480.132 505.054
-44.2331 -234.368 -244.416 341.503 27.9317 -167.785 -342.452 382.368
-100.646 45.3668 92.4163 143.974 -109.929 25.6096 12.8453 113.601
-160.251 60.7459 -254.951 307.198 -148.815 51.2933 -272.191 314.428
-93.9858 -42.9439 -603.892 612.668 -107.269 -46.3144 -560.153 572.209
-76.2706 -75.2116 -3.44743 107.172 -78.1588 -78.668 9.23887 111.278
8.19014 -122.948 163.439 204.684 22.6347 -120.277 50.0552 132.229
-83.1675 -139.433 212.643 267.536 -35.5395 -122.501 259.516 289.168
-127.428 -94.8831 -752.979 769.557 -144.044 -137.597 -841.643 864.896
60.0658 128.732 -151.2 207.464 65.6346 163.807 -175.781 249.077
110.034 127.361 541.752 567.295 123.978 133.574 579.885 607.848
-110.406 39.757 -374.382 392.342 -141.489 49.3632 -326.063 358.85
57.56 -101.495 342.347 361.685 64.4312 -100.612 435.884 451.961
118.814 -64.8896 250.55 284.785 115.969 -51.7818 359.424 381.203
-84.1737 73.8162 -156.313 192.27 -92.3961 78.6596 -192.547 227.593
25.6418 -121.671 867.607 876.472 27.5215 -133.817 1539.77 1545.82
70.8276 -74.1867 -312.269 328.682 66.2413 -73.274 -310.045 325.4
92.1018 -50.3229 223.153 246.602 89.9769 -54.9363 244.028 265.826
46.6506 142.763 298.829 334.449 46.1068 81.4754 351.841 364.083
1.73164 100.324 -12.8887 101.163 1.62963 112.075 -11.5227 112.678
106.525 160.527 185.26 267.279 104.327 161.958 183.758 266.236
80.0737 -64.0447 42.2189 110.887 84.393 -70.5925 56.8807 123.858
164.803 15.7059 -226.555 280.595 201.821 11.7214 -409.618 456.789
165.479 58.5307 -26.1338 177.46 85.1885 -9.39396 -43.8807 96.2852
208.37 55.4613 1490.98 1506.49 221.132 31.771 1583.73 1599.41
63.6573 80.1366 -770.043 776.814 57.3621 93.7627 -865.077 872.032
145.11 49.0476 -604.975 624.065 175.691 17.9205 -758.294 778.587
-33.9192 -104.26 -1135.98 1141.26 -31.0406 -110.761 -1313.03 1318.06
31.4497 -135.058 174.075 222.557 30.3204 -134.997 178.365 225.738
-291.519 -71.5985 998.479 1042.63 -303.247 -58.7782 1051.23 1095.67
89.2727 -66.3239 -58.5454 125.682 105.402 -72.341 -43.5431 135.051
-19.5367 108.775 -2198.7 2201.48 -40.9374 185.553 -305.543 359.808
-733.409 426.075 1635.46 1842.33 -731.421 423.89 1616.85 1824.52
96.8291 54.3092 98.7696 148.596 99.2124 55.1198 215.517 243.575
-49.4714 -88.7069 -953.04 958.437 -47.3391 -102.985 -1209.26 1214.56
-174.597 85.1448 92.2254 215.034 -191.447 118.684 105.724 248.828
-103.971 34.6484 -38.4482 116.141 -120.894 36.8941 -41.9795 133.188
-24.9151 137.037 -133.557 192.97 -23.4941 135.637 -146.893 201.312
163.7 10.3008 -9.98429 164.327 172.78 13.9718 -49.3657 180.236
153.096 -147.802 72.2766 224.739 172.018 -158.541 52.9265 239.847
78.5699 -71.647 -68.2912 126.373 79.6519 -70.8296 -66.7145 125.746
-12.2609 111.873 -859.4 866.738 -3.48316 146.922 -1294.67 1302.98
8.65043 -167.444 -181.526 247.111 3.31974 -174.882 -193.64 260.943
-151.482 -199.641 -425.039 493.418 -154.968 -228.44 -473.926 548.458
-9.72361 132.796 -41.4398 139.451 -12.8028 106.563 51.6357 119.104
111.496 32.4912 -556.295 568.288 118.27 34.2372 -727.947 738.286
-56.2127 88.6451 -296.693 314.713 -61.2399 95.2946 -284.176 305.92
-32.9465 -149.73 -173.666 231.656 -20.6709 -165.403 -177.038 243.162
-108.534 -101.091 386.443 413.929 -108.167 -104.196 348.795 379.756
-96.1151 52.766 -37.168 115.775 -113.673 46.1711 -57.9163 135.675
42.2998 122.692 -524.728 540.538 23.8991 146.318 -662.208 678.602
50.7934 108.024 -737.044 746.647 34.7705 123.579 -923.507 932.388
64.655 299.9 451.791 546.109 67.6214 357.532 420.9 556.38
98.0618 -30.1095 -585.467 594.386 78.8424 -23.1048 -616.141 621.595
0.094013 -159.432 -869.759 884.251 3.44417 -161.343 -1054.5 1066.77
91.7563 173.793 2114.83 2123.94 91.4005 185.149 2278.7 2288.04
-56.5835 -92.6916 -339.73 356.665 -63.9058 -138.176 -343.427 375.658
-34.4526 166.301 -221.595 279.191 -41.0399 168.403 -195.793 261.494
-22.8216 -131.938 640.571 654.415 -44.9186 -119.787 702.217 713.775
-8.89399 102.815 -1156.18 1160.78 0.877944 86.5787 -612.86 618.946
100.492 -47.4598 -312.626 331.792 106.974 -50.6 -500.827 514.618
79.5308 -66.7033 -48.6153 114.621 90.492 -67.1952 -53.7593 124.876
78.9119 -76.7645 -778.033 785.783 75.0866 -58.3238 -850.438 855.736
117.378 -249.699 201.704 341.777 129.008 -301.86 509.886 606.421
44.2422 91.1561 13.9031 102.275 41.7146 96.879 22.0963 107.768
92.2494 -109.458 -62.6255 156.247 109.548 -115.078 -102.588 189.124
-62.6274 100.174 -129.438 175.246 -65.7279 111.71 -135.237 187.319
169.668 66.9701 -509.371 541.046 165.543 55.5901 -608.937 633.481
-23.9915 -97.3023 39.9099 107.871 -33.9788 -105.937 42.3071 119.026
102.056 -2.78634 82.3457 131.164 102.424 7.48731 68.6115 123.509
-75.7136 -66.7954 216.758 239.12 -112.356 -83.8204 359.108 385.498
190.444 80.7403 -46.2025 211.949 223.983 84.0451 -19.0072 239.986
-163.562 36.4596 58.6131 177.531 -193.639 26.966 111.783 225.208
-106.069 -3.21577 49.952 117.287 -127.195 -21.8629 203.01 240.561
3.72611 -137.886 616.924 632.157 9.31653 -132.346 629.365 643.197
109.105 90.5879 773.486 786.378 88.176 121.248 892.657 905.159
-146.28 83.8734 -900.669 916.318 -158.836 92.1948 -964.827 982.151
-129.464 46.7481 -211.931 252.707 -131.617 48.0305 -227.099 266.841
-36.6177 123.374 -3.43805 128.739 -48.5781 98.1705 -39.4441 116.418
-43.6702 -140.707 -332.896 364.04 -67.1116 -169.284 -816.4 836.462
-4.37323 124.864 -96.5265 157.884 -5.94412 134.754 -90.0222 162.167
-85.0034 -114.974 0.319634 142.985 -85.5024 -116.251 -1.98278 144.322
-84.1603 102.239 105.593 169.369 -81.1314 78.6173 147.018 185.411
73.9178 -77.6658 577.985 587.845 61.4962 -92.9807 1008.02 1014.16
112.491 -24.1993 1416.06 1420.72 115.894 -13.9644 1687.59 1691.62
3.64747 284.786 -1826.43 1848.5 -0.473499 276.524 -1881.65 1901.86
39.7729 107.362 -618.357 628.867 47.0453 102.916 -602.901 613.428
137.275 -84.486 36.1304 165.19 136.345 -93.7575 53.8968 174.027
155.83 149.007 337.537 400.522 139.382 140.643 173.676 263.384
110.415 75.0995 -587.837 602.813 90.4523 80.2479 -440.336 456.637
-102.489 -197.854 -856.543 885.051 -95.5395 -194.244 -953.294 977.563
-91.4568 -64.463 362.222 379.11 -141.334 -63.0906 1085.13 1096.11
104.18 -8.98242 1323.16 1327.28 104.239 -4.79381 1471.26 1474.95
-395.022 -400.271 -205.521 598.747 -403.135 -419.128 -219.788 621.685
-206.463 -109.251 -24.1579 234.833 -204.488 -108.724 -21.9775 232.635
46.2709 -255.963 1288.9 1314.88 53.7879 -276.098 1449.09 1476.14
-79.1473 -217.345 23.9633 232.546 -84.6845 -219.656 16.6895 236.006
25.2713 106.163 -61.4106 125.222 15.8427 137.082 -39.5226 143.542
104.338 57.8791 217.421 248.009 125.696 65.5712 249.398 286.877
-103.88 20.6815 414.228 427.556 -102.927 35.1477 538.147 549.028
-98.2288 21.5906 -278.621 296.218 -101.142 16.6167 -311.928 328.337
45.3393 118.757 -588.301 601.877 31.6278 118.944 -771.538 781.293
123.81 -40.2665 216.815 252.901 131.856 -37.3466 236.565 273.393
-91.2426 79.4354 -2.12163 120.995 -92.7546 81.0622 -12.3586 123.803
48.5178 95.1488 254.41 275.92 46.8577 111.16 228.83 258.68
-16.4553 104.348 -740.477 747.974 -19.0379 104.809 -791.39 798.527
44.4835 -119.313 213.563 248.643 43.5265 -121.033 195.108 233.689
181.042 34.4517 52.0679 191.505 183.238 20.137 14.8944 184.942
-118.231 6.55759 -20.8215 120.229 -121.167 5.7115 -36.2179 126.593
105.59 0.508323 188.476 216.039 107.623 -23.2726 -50.1522 120.994
125.328 -6.98519 177.269 217.21 123.624 -6.55072 172.042 211.954
0.445267 -152.566 -3060.51 3064.31 -6.23101 -130.602 -2558.87 2562.21
95.5523 49.6011 -58.9009 122.718 97.9262 48.3069 -61.6426 125.391
132.354 258.241 -157.513 330.176 131.119 255.657 -164.691 331.173
-119.995 -58.9408 9.98717 134.062 -133.465 -61.6071 -1.95272 147.01
301.045 191.942 188.593 403.779 308.297 190.816 168.045 399.62
-97.7445 73.6954 -392.252 410.91 -72.7409 74.2979 -374.544 388.709
-48.1096 95.7264 -878.328 884.838 -81.7883 96.3264 -1174.37 1181.15
30.9783 -119.889 -29.8677 127.378 58.2352 -114.611 38.2066 134.115
81.3739 -74.6395 140.043 178.339 133.245 -103.296 100.183 196.115
97.209 115.698 -255.699 297.014 142.125 136.675 -117.064 229.311
-68.8122 168.391 -581.193 608.996 -28.0316 170.421 -462.913 494.082
158.162 -164.534 76.3353 240.653 193.904 -156.393 109.214 272.002
25.8002 109.516 -2.7994 112.549 44.775 124.595 96.7215 163.962
-14.7886 -106.286 -377.722 392.669 0.89577 -137.358 -385.538 409.277
-45.6139 117.911 -303.946 329.191 -41.5397 125.863 -341.761 366.562
-199.94 15.8315 -854.849 878.062 -219.424 20.0347 -928.493 954.278
-121.052 -44.322 -101.227 163.905 -138.726 22.9486 418.44 441.433
-114.125 162.734 -171.196 262.326 -131.5 176.662 -212.889 306.306
-105.288 -136.885 -419.401 453.564 -104.981 -126.732 -275.187 320.64
188.101 -9.69411 171.939 255.028 227.403 4.98248 6.30629 227.545
-77.1663 -107.628 -39.5045 138.199 -93.0006 -118.4 -77.7987 169.471
32.6639 203.43 -216.351 298.762 50.3767 216.8 -266.66 347.344
-81.4569 152.959 142.479 224.348 -78.4638 156.868 136.324 222.145
153.798 -65.2729 1723.61 1731.69 181.972 -81.3442 1560.94 1573.61
29.8988 146.8 -35.5323 153.97 17.3856 161.198 9.63654 162.419
-71.263 72.5176 -21.4418 103.908 -80.2398 73.3561 -11.1815 109.291
-57.426 -89.0281 -297.993 316.265 -63.9236 -97.7356 -274.31 298.135
175.958 -48.5676 132.798 225.733 182.603 -52.9661 145.058 239.147
50.8675 -110.647 -67.9632 139.46 62.5805 -117.923 -33.202 137.567
101.889 159.29 -247.745 311.661 64.6119 128.477 -229.333 270.693
-118.428 -3.11164 320.227 341.438 -118.771 -5.33055 263.683 289.247
-18.2866 317.531 421.506 528.041 -22.6251 321.372 433.056 539.75
-122.04 -31.4265 -291.195 317.295 -109.754 -40.2256 -78.7106 140.923
-87.3493 -72.9935 -663.108 672.808 -142.218 -19.5675 2.79626 143.585
-104.696 -68.6868 1.62744 125.227 -105.182 -67.1953 -9.67793 125.189
-108.301 28.8312 282.336 303.767 -133.138 13.8581 68.9399 150.567
125.73 56.8935 257.276 291.952 176.054 94.5519 264.083 331.172
0.736294 100.276 -432.168 443.65 7.13191 113.84 -509.109 521.731
79.561 -89.8844 1015.85 1022.92 66.5128 -93.6238 874.733 882.239
-96.2623 -47.8476 99.3491 146.376 -99.6803 -46.9311 107.727 154.09
106.355 -10.3601 134.162 171.518 107.105 -8.22554 135.547 172.951
-94.2739 250.079 -84.7413 280.371 -111.414 274.644 -63.3317 303.073
65.0474 -312.455 460.357 560.167 44.2497 -293.274 436.129 527.424
-71.867 114.05 59.8599 147.498 -82.0117 115.222 111.009 179.791
154.298 55.9667 -855.766 871.364 159.101 62.1961 -780.853 799.32
72.4895 118.415 -350.938 377.404 77.1156 121.492 -371.558 398.45
102.727 60.6376 167.039 205.261 134.658 60.0818 152.843 212.376
-108.772 114.948 -863.15 877.538 -140.166 145.642 -2080.48 2090.28
71.7248 122.433 -57.6308 153.152 68.0688 158.779 -96.0196 197.646
89.4008 -110.542 2.0619 142.184 91.1682 -104.388 22.7352 140.447
-89.6971 -110.784 -767.253 780.382 -88.4712 -119.306 -865.113 877.771
-130.598 -36.6858 28.4619 138.606 -145.352 -63.1615 61.5391 170.01
-229.56 -111.071 -1768.62 1786.91 -212.307 -98.6136 -1726.4 1742.2
39.3337 104.083 1973.73 1976.86 61.7929 85.4672 2309.66 2312.07
125.894 -71.425 67.153 159.563 169.241 -112.574 225.346 303.474
98.8081 -64.453 -31.4103 122.081 124.787 -81.8019 -19.4368 150.469
118.456 15.1017 -109.143 161.778 125.54 22.0273 -125.949 179.189
116.112 -46.822 -514.112 529.136 139.268 -41.1001 48.8657 153.208
-1.94841 106.645 -1088.82 1094.03 34.6005 136.396 -1426.61 1433.53
-98.0128 22.4748 35.6972 106.705 -102.945 26.9733 51.3418 118.157
86.2902 52.2267 593.43 601.941 97.81 70.0916 739.275 749.004
103.273 74.3389 -37.6358 132.695 68.5771 102.298 -72.3623 142.842
101.179 -50.8377 -630.074 640.167 122.956 -47.5569 -819.146 829.687
-69.7193 75.944 221.02 243.882 -70.9755 80.0927 182.127 211.241
107.09 -72.5167 193.586 232.814 121.029 -63.4732 223.901 262.313
-114.273 19.0016 432.067 447.327 -133.962 -0.775292 480.929 499.239
-69.5002 90.9126 14.0843 115.298 -49.3998 112.736 -66.4118 139.858
39.6692 203.844 1105.67 1125 76.6545 191.388 887.189 910.829
-119.552 101.288 -102.984 187.504 -117.027 92.4569 -121.589 192.425
80.4166 -61.3518 1134.29 1138.79 73.6182 -78.0495 1393.61 1397.73
37.0559 -96.261 63.472 121.112 40.9792 -91.4721 70.2654 122.408
98.2419 50.8303 188.247 218.34 110.43 51.3063 208.153 241.154
-58.1783 -94.6895 390.047 405.57 -50.844 -118.781 401.647 421.918
91.8231 -155.449 722.654 744.866 82.0276 -165.309 657.969 683.359
-80.7576 112.311 -1425.49 1432.19 -82.0487 129.22 -1505.68 1513.44
-125.278 -11.9377 -42.4512 132.813 -123.124 -5.29557 -31.7741 127.268
113.55 44.2795 52.661 132.768 111.891 57.4912 29.3145 129.167
119.959 -15.924 -62.8468 136.358 129.822 -17.0547 -50.9123 140.487
162.73 67.8411 -940.823 957.2 169.293 81.2679 -930.723 949.479
-82.7335 182.748 -1252.42 1268.38 -92.1902 189.142 -1357.49 1373.7
274.031 -153.61 65.8603 320.978 288.753 -158.955 82.8315 339.862
-147.512 -52.089 -100.482 185.93 -134.285 -32.4151 -19.8749 139.565
-29.0898 -102.014 373.57 388.34 -52.74 -83.5736 559.048 567.715
-134.889 226.59 -597.982 653.545 -126.747 218.782 -556.389 611.146
-47.4139 90.9681 -80.0701 130.133 -53.2874 93.434 -79.7317 133.89
105.776 15.9514 -483.265 494.963 107.476 9.72337 -538.866 549.566
-115.679 6.49106 1112.96 1118.98 -124.241 -11.434 1276.35 1282.44
47.9032 -148.114 522.805 545.488 69.6784 -168.662 593.654 621.069
162.364 16.0895 185.104 246.748 164.379 -3.79472 202.822 261.097
12.2354 105.261 -843.329 849.961 -0.265427 115.362 -928.58 935.718
-57.8675 -108.117 -1087.6 1094.49 -62.2007 -96.5954 -1447.64 1452.19
84.211 160.967 102.623 208.647 82.6063 160.579 93.9976 203.58
-95.5682 39.9891 -40.128 111.098 -98.0415 -4.91837 38.9408 105.606
-109.202 -114.089 -526.582 549.755 -108.618 -114.795 -525.455 548.706
-229.506 -107.056 182.11 311.926 -242.479 -114.568 164.63 314.682
85.521 77.7107 -1325.14 1330.17 87.9826 68.6679 -1591.94 1595.85
-111.253 -13.1709 260.149 283.245 -109.114 -13.5036 265.721 287.569
129.073 40.424 1387.06 1393.64 129.009 73.9894 1189.93 1199.18
194.157 -54.8557 66.693 212.494 149.873 40.7024 -6.41442 155.434
-110.885 52.1988 28.2689 125.775 -116.869 52.7987 5.07997 128.342
-177.154 32.4249 1150.28 1164.3 -223.358 105.07 97.4543 265.378
-127.918 19.6229 -178.49 220.469 -127.465 19.3168 -173.433 216.101
100.231 -31.9738 366.74 381.532 97.4543 -21.4895 419.719 431.42
-188.462 17.1953 209.199 282.095 -194.641 16.7851 237.193 307.29
-9.89119 115.484 233.948 261.087 -21.0306 127.133 279.267 307.563
-173.986 293.774 -569.115 663.676 -150.024 279.253 -732.178 797.856
-38.1034 -100.886 -693.981 702.31 -55.6289 -72.8327 -732.482 738.193
107.281 -10.2316 -677.083 685.606 120.971 -8.42393 -765.546 775.091
16.5137 100.357 -657.488 665.309 17.1482 96.9297 -596.508 604.576
128.454 418.359 25.3199 438.367 134.915 414.388 15.985 436.09
68.9401 110.094 -125.399 180.55 72.614 130.933 -225.138 270.376
-26.0712 111.283 16.0344 115.416 -54.5076 120.122 -26.6559 134.576
62.0497 -84.6206 1425.92 1429.78 115.252 -101.712 1902.6 1908.8
55.2065 -88.3851 -452.15 464.003 62.3646 -94.6622 -521.252 533.436
7.44102 -132.74 -293.298 322.023 -11.7326 -127.662 -409.75 429.337
19.9396 98.3678 249.414 268.852 25.2564 118.406 303.839 327.072
105.112 -52.3369 348.78 368.015 128.247 -62.9911 390.521 415.839
-3.87009 -108.602 -536.325 547.224 -0.194181 -121.365 -618.407 630.204
28.8032 107.252 170.985 203.884 27.0492 109.327 257.353 280.917
-38.0729 -109.065 -476.528 490.33 -71.6492 -163.559 -646 670.224
-40.1389 -159.046 273.28 318.73 -29.5286 -165.445 374.211 410.217
10.535 107.529 -72.288 129.996 12.2441 105.598 -72.5065 128.678
-124.621 18.2187 107.881 165.833 -127.372 19.516 123.901 178.762
-149.503 -33.2427 -640.977 659.021 -155.5 -100.093 -464.502 499.961
56.985 161.668 1135.49 1148.35 58.2676 167.582 1314.56 1326.48
32.7676 164.934 -838.611 855.304 40.4424 181.138 -912.939 931.613
-107.943 -26.5746 1220.09 1225.15 -114.979 -31.3832 1152.27 1158.42
92.0201 -176.317 -299.606 359.61 90.3753 -177.555 -263.985 330.729
2.90149 100.183 883.198 888.867 4.13958 87.2322 1033.29 1036.98
-34.4729 -148.384 193.877 246.565 -19.0642 -158.355 214.615 267.394
18.0536 -104.264 866.097 872.537 20.4273 -109.264 1029.25 1035.23
-68.8621 -91.1187 -687.475 696.897 -71.8159 -86.2362 -674.351 683.625
50.1152 -101.954 42.3465 121.241 52.0834 -111.152 40.8382 129.365
147.353 -71.146 -222.954 276.556 148.218 -79.128 -233.94 288.024
-106.701 -258.875 741.543 792.646 -151.924 -240.202 659.162 717.825
254.135 -33.4096 -611.208 662.779 260.127 -42.1395 -590.434 646.571
-125.167 -49.393 405.916 427.638 -123.183 -48.9417 484.74 502.536
185.971 -16.6096 287.279 342.623 194.195 -21.8069 359.412 409.102
-102.212 48.1205 -7.7034 113.235 -108.126 11.0355 7.22878 108.928
87.5586 -84.6047 217.679 249.417 99.8608 -95.9271 262.816 297.063
-87.5359 -71.9356 -157.817 194.277 -93.31 -77.1387 -168.761 207.695
34.794 -104.907 110.326 156.166 39.1981 -135.21 240.14 278.362
77.9686 -88.3139 -117.821 166.614 90.1979 -76.6583 -126.248 173.063
11.8214 182.047 924.924 942.743 7.56472 184.06 1005.73 1022.46
-53.6925 -286.836 -853.552 902.058 -55.9967 -277.538 -851.154 897.01
-91.7101 -60.1987 1482.92 1486.98 -96.8332 -70.1711 1471.8 1476.65
-4.90936 -262.431 -410.35 487.116 -8.41709 -269.174 -409.581 490.186
197.334 251.733 625.373 702.426 205.869 267.099 684.055 762.663
-102.676 57.7462 -724.913 734.422 -109.591 56.6063 -844.985 853.94
-62.1282 -81.592 -634.96 643.189 -58.7189 -80.3161 -454.886 465.64
-136.756 -129.506 -109.271 217.748 -136.452 -127.106 -94.903 209.24
-136.029 -53.5708 -59.8354 157.968 -137.563 -54.5665 -87.1403 171.74
56.1842 141.446 248.699 291.573 45.4591 132.739 318.967 348.462
-131.781 -48.0096 -284.745 317.413 -114.478 -38.2807 -212.55 244.435
-48.1537 -90.8399 1611.97 1615.24 -112.455 -89.0488 195.622 242.577
102.22 48.7312 198.641 228.652 104.079 48.0639 225.86 253.29
95.081 -46.9167 488.323 499.7 93.6216 -60.263 497.1 509.416
-5.92705 108.647 -116.443 159.368 -17.9522 94.1817 -266.047 282.796
-81.0663 -89.9787 114.307 166.535 -82.9057 -90.6272 110.214 165.027
114.119 -23.686 377.467 395.051 140.759 -11.1337 511.715 530.838
153.625 -51.2794 -483.842 510.228 135.639 -23.9943 -521.047 538.947
-8.66277 -116.553 -316.326 337.226 -6.10709 -146.515 -435.568 459.591
-99.9468 -28.5872 -44.7701 113.186 -119.647 -33.904 -60.1556 138.143
-283.173 -101.966 12.7121 301.241 -275.678 -108.396 -68.1156 303.954
-49.1584 -109.766 -28.9784 123.713 -62.9521 -133.791 -36.9515 152.408
-112.392 27.1172 1604.49 1608.65 -148.625 24.9703 1644.29 1651.18
-151.51 -33.7031 1276.54 1285.94 -147.147 -50.7381 1407.77 1416.34
22.9738 109.254 -202.595 231.32 22.4684 112.875 -118.38 165.104
-6.04483 138.603 161.989 213.279 3.14154 118.062 -4.57899 118.192
-119.318 54.2536 -107.694 169.642 -130.897 59.4138 -101.401 175.916
-110.049 -110.282 2726.9 2731.34 -128.992 -84.4908 2409.92 2414.85
24.095 -99.7974 166.247 195.393 20.4017 -108.876 107.018 154.023
95.9271 -41.3477 481.095 492.305 143.089 -29.4779 915.298 926.884
186.316 88.0841 -749.945 777.747 217.475 125.878 -757.324 797.923
44.4026 -102.58 -103.655 152.442 43.4482 -105.217 -93.5914 147.37
111.931 4.474 -302.428 322.508 130.756 2.55141 -368.941 391.434
62.0016 -101.676 744.663 754.125 69.2837 -109.904 748.932 760.118
-31.4689 -150.77 -684.88 701.984 -18.1074 -163.743 -586.052 608.767
93.5972 62.9939 513.055 525.314 98.7884 58.6474 554.456 566.233
-30.4358 165.683 -1378.97 1389.22 -17.0965 190.328 -1548.17 1559.92
23.4998 114.167 68.9306 135.417 52.2398 136.546 109.409 182.604
-25.6689 150.755 31.2398 156.083 -33.0271 140.351 57.2217 155.124
-98.2827 19.7055 -73.1598 124.097 -121.484 8.36524 -33.4483 126.281
77.3335 -87.5896 -6.42232 117.02 83.0202 -100.62 -21.8656 132.268
66.52 -94.4635 198.402 229.59 72.7166 -109.086 215.422 252.179
-99.6745 55.9557 -103.233 154.023 -101.216 63.2061 -60.8247 133.938
-153.393 -15.292 2064.74 2070.48 -150.194 -11.9009 1953.63 1959.43
-203.072 101.261 182.241 291.039 -208.951 109.354 191.721 303.934
141.047 -35.9404 -147.168 206.989 151.764 -54.5003 -163.129 229.377
98.6003 33.3156 -78.2932 130.237 113.492 37.9878 -48.2087 129.025
-175.543 -86.6715 546.97 580.951 -199.815 -80.2203 538.102 579.582
6.3658 129.476 -409.604 429.628 3.16282 133.408 -535.882 552.248
114.315 9.97626 -433.383 448.317 126.293 27.4055 -451.991 470.103
-61.1046 83.8906 -500.354 511.004 -62.0012 82.3342 -475.694 486.732
-148.192 -26.1079 231.81 276.366 -160.033 -36.44 186.442 248.393
139.193 87.5916 -117.94 202.378 147.531 78.4379 -133.296 213.742
-32.7166 101.361 -946.369 952.344 -30.6263 102.832 -928.236 934.417
131.888 45.1617 110.985 178.19 125.43 41.5954 72.9348 150.938
-67.9378 81.8933 -56.0448 120.263 -76.2481 81.2789 -57.1062 125.224
-39.5772 -106.011 -140.201 180.169 -4.56586 -129.552 -181.652 223.164
206.64 78.5255 -188.787 290.701 203.928 74.8406 -185.072 285.376
-93.1093 -109.077 382.88 408.857 -84.6918 -106.579 421.092 442.55
-81.5332 -144.608 175.784 241.783 -122.837 -165.372 260.103 331.798
-187.122 -63.6649 9.75124 197.897 -185.982 -62.5843 8.20519 196.401
-39.4413 -157.409 131.332 208.761 -26.2055 -153.363 160.257 223.359
-153.221 -13.6271 -30.4732 156.815 -164.973 -17.8283 -79.807 184.128
89.1478 108.181 -34.7624 144.426 91.3287 113.609 -34.105 149.703
-41.0117 -209.836 -525.107 566.966 -53.647 -219.372 -544.49 589.467
56.1115 -166.939 -1066.46 1080.91 54.0885 -167.567 -1067.88 1082.3
-182.607 -21.9441 2357.01 2364.18 -171.885 -43.1464 2483.49 2489.8
-53.8438 85.0427 -170.335 197.852 -71.5616 112.32 -134.345 189.171
34.2355 -113.023 -398.936 416.048 21.2741 -126.624 -539.875 554.933
