px(1, true)   py(1, true)   pz(1, true)   E(1, true)  px(2, true)   py(2, true)   pz(2, true)   E(2, true)   px(1)   py(1)   pz(1)   E(1)  px(2)   py(2)   pz(2)   E(2)
-154.396 -31.1917 -344.419 378.728 -156.246 -31.9894 -336.936 372.776
141.557 -67.2413 742.832 759.184 145.66 -71.9881 761.837 778.971
-97.0554 -40.8659 -1449.42 1453.24 -90.5041 -25.1477 -1794.86 1797.32
140.768 -114.542 63.3019 192.205 139.527 -128.229 72.2668 202.812
-59.0618 -118.328 -766.72 778.043 -47.1836 -142.255 -863.128 876.043
-98.147 48.8844 -1.08231 109.653 -125.047 71.8216 -53.9105 153.953
43.0996 126.522 233.683 269.209 45.5461 120.528 252.606 283.569
-91.3774 -90.2886 120.726 176.286 -83.9922 -100.191 127.163 182.382
-75.0085 93.7616 -142.583 186.407 -79.7055 102.39 -173.616 216.747
38.3004 -134.237 830.779 842.426 45.2342 -157.377 885.618 900.629
47.3904 89.9756 129.29 164.491 58.7315 93.4923 155.037 190.333
66.6997 -129.794 223.583 266.992 65.2738 -133.766 232.587 276.135
5.25038 -127.343 120.966 175.717 -2.02099 -161.393 78.6687 179.557
14.7181 99.6117 -283.67 301.011 43.2904 122.725 -438.518 457.42
65.0618 93.4724 -590.966 601.84 65.6666 88.5837 -614.747 624.558
79.9051 -61.3887 -321.339 336.767 89.1038 -68.9198 -403.392 418.825
-10.9213 -117.489 2001.94 2005.41 -4.6958 -117.864 2094.77 2098.09
83.9132 54.517 -4.73958 100.18 89.9296 53.0569 -10.9404 104.986
137.035 101.706 -245.457 298.951 113.351 100.409 -304.923 340.454
152.55 -24.7098 -788.659 803.657 222.542 -32.0231 -563.467 606.667
104.555 -39.3229 -805.248 812.959 103.633 -39.5817 -770.686 778.629
-116.377 -65.641 189.884 232.182 -146.135 -72.5391 234.779 285.899
-1.98355 -282.276 238.375 369.468 -2.40472 -282.602 244.855 373.93
-102.288 17.7028 -216.425 240.034 -132.312 14.6921 -247.644 281.158
-59.4648 -206.975 -60.4705 223.677 -54.7996 -200.469 -46.3308 212.926
-26.091 117.514 -1149.57 1155.86 -27.8652 142.904 -1649.01 1655.42
-56.3951 -84.9124 -1857.46 1860.25 -52.5433 -96.9081 -2098.12 2101.01
-203.006 151.584 616.713 666.727 -176.306 145.331 653.332 692.132
-59.0594 -106.033 -22.1205 123.371 -61.9455 -104.38 -21.1193 123.201
-98.1487 -53.5933 -374.859 391.183 -92.6352 -49.7663 -381.677 395.898
-108.682 -37.6445 -30.1617 118.906 -105.788 -31.4554 3.05484 110.408
-170.767 -2.39731 -186.112 252.596 -173.999 -3.67435 -193.219 260.044
-23.3436 -108.668 1464.03 1468.24 -29.2725 -101.563 1276.93 1281.29
65.3856 -76.0905 131.792 165.633 63.1382 -73.9248 117.536 152.532
60.0755 -119.807 779.681 791.117 61.7327 -112.661 618.771 631.966
98.6162 -45.3618 330.267 347.648 95.5565 -44.1438 297.951 315.998
37.5212 -180.947 -278.229 334.007 40.2074 -187.368 -316.316 369.837
46.1384 -154.153 392.639 424.331 39.0775 -152.471 294.086 333.558
-79.2254 81.4243 1643.72 1647.65 -80.2242 74.6149 1743.14 1746.58
-62.2273 78.6909 117.028 154.143 -53.854 80.9044 77.2277 124.137
81.3514 115.53 172.417 222.919 85.9725 120.19 176.956 230.543
107.188 -41.8412 -827.347 835.31 101.013 -68.6611 -494.401 509.264
-51.2978 -91.4733 582.084 591.457 -59.1151 -99.973 555.406 567.419
-86.7329 -51.7057 99.9141 142.052 -106.099 -54.847 221.966 252.06
-106.952 27.0095 -207.713 235.187 -111.254 23.0759 -263.23 286.705
-123.419 -16.5548 -358.387 379.405 -132.797 -20.2272 -353.777 378.421
-131.799 -9.20065 105.97 169.367 -130.154 -1.38057 96.9099 162.276
63.2259 -146.928 36.2649 164.014 76.6423 -160.831 -49.0797 184.795
28.1001 101.391 945.974 951.807 30.5836 110.908 858.752 866.424
184.77 -30.2613 -103.978 214.166 171.928 -44.8872 -128.251 219.14
128.575 204.996 703.437 743.894 132.004 215.948 730.748 773.338
-50.0912 87.8414 85.265 132.27 -51.4105 93.7798 122.23 162.413
-97.0923 47.8335 -477.917 490.02 -108.753 54.2293 -587.901 600.33
131.659 -26.5413 -275.628 306.609 179.799 -26.6921 -435.021 471.469
-51.0236 -261.906 -107.217 287.565 -54.9741 -273.019 -148.95 315.828
-17.2812 104.348 481.046 492.537 -20.4018 108.352 668.767 677.795
-105.418 29.8469 -200.185 228.206 -113.563 29.8696 -233.6 261.453
-108.576 6.45345 -643.257 652.388 -123.366 2.22701 -561.733 575.125
-6.37771 158.231 -705.749 723.297 9.7525 172.558 -795.967 814.515
88.0517 56.0574 -154.261 186.258 101.845 46.3102 -152.797 189.378
138.295 -1.98074 -8.01968 138.542 139.014 -0.196179 -5.15901 139.109
-10.0254 164.606 152.177 224.396 -13.6282 176.421 185.072 256.05
-185.387 108.922 11.9559 215.349 -165.223 99.8849 38.9117 196.951
-108.447 10.5735 -338.681 355.777 -114.211 11.4645 -333.89 353.07
-100.518 9.80468 843.473 849.497 -117.735 11.663 992.368 999.396
107.113 17.8329 -315.921 334.062 142.056 32.9538 -319.743 351.428
-182.755 -24.0533 -973.335 990.636 -195.676 -27.7895 -929.148 949.936
77.0817 -81.0935 -331.906 350.256 65.9862 -98.5451 -307.097 329.202
71.6692 95.3151 976.608 983.862 76.6197 90.6974 1084.55 1091.03
-67.9705 -107.148 -69.8988 144.867 -73.0168 -107.21 -58.124 142.14
-132.383 80.3751 -26.0348 157.045 -65.9377 151.182 653.093 673.598
114.944 -33.0378 0.415306 119.599 118.318 -33.3648 -0.00636038 122.932
20.723 -107.763 2.36038 109.763 2.4762 -121.648 1.25979 121.68
112.639 44.8937 53.1814 132.406 116.115 43.8895 75.2277 145.149
167.917 21.9202 -195.083 258.329 169.227 20.5526 -215.456 274.739
-130.92 -89.5863 525.798 549.208 -133.317 -90.7587 518.96 543.443
-63.4115 -83.5842 -4.87495 105.029 -63.9419 -98.9397 50.9282 128.341
164.047 -44.7707 -16.5407 170.849 167.215 -49.29 -15.2811 174.997
27.1347 184.458 -108.418 215.675 41.6669 185.962 -98.9839 214.746
28.8845 658.329 -321.693 733.293 30.789 666.015 -301.691 731.807
-83.4026 -89.6686 -48.5325 131.726 -80.4226 -91.5748 -44.0955 129.608
44.8615 139.058 -240.458 281.371 38.2402 147.27 -307.548 343.127
-243.286 50.4676 339.768 420.925 -236.961 47.4817 213.751 322.637
49.5119 -120.491 -648.069 661.031 50.3421 -129.05 -762.172 774.658
-73.4428 -97.1979 152.66 195.311 -80.0454 -101.746 192.147 231.689
-74.7494 -79.9025 -660.615 669.615 -77.839 -77.9401 -689.826 698.565
-30.2799 -103.013 -936.884 943.017 -36.9454 -95.5944 -1029.06 1034.15
-76.2846 -99.53 -689.849 701.154 -77.0011 -106.596 -642.543 655.861
137.184 239.589 -648.753 705.056 139.832 252.684 -756.593 809.837
53.0584 -121.327 -527.913 544.268 50.641 -100.223 -94.1703 146.551
-58.2663 106.363 -59.9801 135.299 -55.4589 109.858 -78.769 146.113
184.386 275.192 744.574 814.936 187.512 293.18 624.382 714.821
27.0939 -119.928 -350.015 370.981 33.1994 -122.02 -378.503 399.069
123.052 130.849 520.822 550.926 132.959 143.106 305.983 363.02
-89.4013 -49.5533 -878.773 884.698 -101.159 -52.876 -845.19 852.863
-86.9545 -116.278 379.07 405.926 -89.1785 -120.004 370.372 399.411
76.1301 -109.03 43.7027 139.976 76.4508 -120.324 62.4409 155.632
99.0901 52.3654 323.293 342.169 110.242 59.0062 332.781 355.497
40.5513 -146.862 134.713 203.373 42.7537 -146.682 164.768 224.704
45.6586 200.328 209.539 293.466 49.621 203.723 209.22 296.207
-114.886 -43.0537 1754.39 1758.68 -131.098 -38.6872 2055.8 2060.34
135.953 55.2003 -72.2971 163.576 143.876 66.6998 -89.2554 181.977
-150.185 94.3298 746.271 767.055 -179.602 124.505 749.141 780.366
-155.411 -64.8853 546.655 572.009 -184.322 -71.4068 549.828 584.281
76.4425 -65.3646 73.2753 124.44 87.5936 -71.2605 52.1906 124.397
-110.975 20.5049 -311.393 331.212 -113.111 14.4606 -341.149 359.702
-104.706 35.6049 -213.481 240.427 -107.891 42.3286 -217.317 246.29
134.57 -23.8644 -36.8846 141.559 111.689 -29.615 -92.9402 148.288
34.7794 -186.581 -611.147 639.94 32.5955 -187.588 -609.518 638.564
-187.217 -166.717 -102.583 270.865 -242.059 -172.324 -178.958 346.863
-80.9124 -114.112 -29.8962 143.046 -83.6218 -135.466 35.1696 163.036
-122.093 135.473 495.129 527.648 -122.945 136.149 531.612 562.373
-90.3767 -95.6172 -2907.76 2910.74 -95.0119 -109.187 -3554.88 3557.83
140.376 -115.925 426.709 463.923 156.368 -142.752 295.305 363.365
94.8261 234.38 575.558 628.644 94.6005 239.051 617.986 669.329
41.6159 -109.297 -450.144 465.088 48.6651 -115.911 -487.052 503.014
-78.1894 -77.4776 489.729 501.947 -50.0462 -84.1096 221.668 242.313
-47.7767 131.455 11.2813 140.322 -52.4312 145.431 -16.3796 155.459
-108.649 -136.429 139.51 223.339 -145.144 -134.34 324.782 380.26
88.7 -49.8541 34.3609 107.396 90.8474 -55.4527 48.5073 116.967
-0.527046 133.215 242.188 276.409 -33.6373 118.519 112.535 166.86
-44.0703 151.154 -291.046 330.904 -42.4508 160.982 -288.799 333.35
85.1236 -123.5 212.177 259.841 88.3566 -138.592 214.094 269.909
98.3126 -51.2462 -420.408 434.781 103.357 -56.7549 -444.81 460.174
-31.1354 -107.264 -21.3297 113.709 -21.499 -107.589 -58.5114 124.343
124.518 -123.802 30.6292 178.241 119.094 -123.2 9.01541 171.589
-42.7451 126.968 284.636 314.588 -57.6691 166.04 182.433 253.331
124.666 7.6295 -324.1 347.333 101.038 -1.39648 -425.581 437.412
145.788 -95.1681 648.071 671.049 151.08 -95.3153 652.295 676.313
92.6381 40.4764 -184.661 210.522 124.121 60.704 -508.336 526.779
-58.9334 -121.861 140.02 194.754 -70.3511 -132.36 146.054 209.285
27.0001 -109.697 -574.499 585.501 38.1046 -117.182 -529.718 543.861
9.68262 -104.038 -143.001 177.107 1.77594 -110.276 -128.072 169.016
126.766 -35.8869 -256.696 288.531 114.564 -45.8422 -250.693 279.416
-85.1537 -65.0738 -1652.03 1655.5 -85.2457 -64.5153 -1561.78 1565.43
-129.824 -50.0664 -509.05 527.724 -138.437 -64.6488 -504.512 527.141
-63.6917 -82.0882 3867.16 3868.56 -61.2008 -82.5376 3986.34 3987.66
142.473 60.9074 -8.39741 155.174 121.802 64.6511 -95.6006 167.794
186.486 -143.797 422.573 483.759 184.304 -144.641 436.376 495.291
-38.9017 -227.667 101.971 252.475 -35.1989 -226.14 90.8742 246.245
137.235 116.742 578.495 605.903 118.231 74.8739 235.431 273.884
-134.204 -18.2961 24.9068 137.717 -150.628 -30.9301 75.8744 171.472
-179.095 29.9433 -84.8729 200.437 -183.427 21.7968 -70.0278 197.546
101.406 -60.5513 -206.915 238.251 96.4839 -65.5293 -218.62 247.786
64.9184 136.806 -826.509 840.267 45.7631 137.522 -848.337 860.629
6.50829 -188.39 23.2416 189.929 3.51859 -214.626 31.9495 217.02
96.8845 102.153 -46.9 148.396 103.42 92.4723 -74.3062 157.379
-93.1421 105.841 50.7271 149.837 -111.3 120.78 -43.7148 169.96
-104.163 -9.24386 -602.893 611.895 -105.341 -4.92289 -622.808 631.673
-60.1156 92.7538 -9.42916 110.933 -60.4038 103.336 -13.8534 120.494
98.1535 38.2302 1589.74 1593.22 129.633 0.561615 1740.34 1745.16
31.9262 101.104 -236.565 259.238 4.95968 81.8448 -190.537 207.431
22.5442 231.8 674.883 713.937 20.7118 233.201 664.872 704.887
9.00559 137.912 -322.753 351.099 2.49494 156.757 -440.576 467.639
131.746 153.523 30.4707 204.585 130.35 158.571 31.5347 207.678
53.5216 91.9059 -75.2009 130.255 52.474 95.814 -70.7286 130.14
-24.3924 114.205 -105.062 157.085 -22.42 124.011 -122.499 175.748
96.2196 27.2373 -131.043 164.84 96.9034 5.93614 -85.7111 129.506
-3.57375 257.032 1289.11 1314.49 -48.5425 297.381 851.123 902.885
35.2077 -113.361 430.405 446.474 67.6791 -119.307 376.082 400.315
80.0644 -81.8641 -1839.5 1843.06 83.6735 -87.5983 -1691.76 1696.09
-29.4109 172.009 73.5205 189.36 -33.3076 188.344 132.556 232.71
-117.121 137.258 -1522.21 1532.87 -121.453 141.772 -2156.41 2164.47
103.382 152.907 339.296 386.251 89.8212 166.01 351.244 398.748
94.8102 35.7537 -1137.26 1141.77 104.411 57.141 -1326.13 1331.46
-159.401 172.223 -525.366 575.395 -162.551 174.434 -577.532 624.815
82.551 61.4594 4.0522 102.997 86.2358 61.4562 1.56097 105.905
175.674 4.86205 31.4916 178.54 184.768 1.85325 35.2457 188.109
499.344 167.052 -2507.22 2561.92 495.375 167.81 -2619.04 2670.75
55.8861 107.98 405.016 422.873 54.794 105.887 388.65 406.526
106.049 -15.5589 -221.45 246.026 104.152 -5.60256 -242.176 263.682
109.168 20.4751 -247.597 271.368 119.39 28.3836 -293.502 318.124
-68.423 -114.798 -68.7681 150.298 -64.5089 -123.623 -47.5518 147.327
-16.1456 124.361 1361.42 1367.18 -19.8181 111.416 1468.08 1472.43
-241.244 -38.4038 -309.78 394.509 -243.648 -43.1805 -311.415 397.754
124.608 -63.0784 -785.687 798.004 129.966 -62.9685 -886.464 898.151
46.9093 -97.281 182.015 211.645 50.1535 -107.147 200.985 233.219
-95.5124 -90.2047 653.353 666.431 -109.252 -85.0731 695.197 708.853
109.303 112.476 164.116 227.007 110.795 93.9452 98.5076 175.513
18.5422 227.04 -1507.34 1524.46 18.2954 231.219 -1526.48 1544
112.792 160.501 54.014 203.471 108.611 164.164 66.0763 207.635
-99.9996 -105.868 39.2472 150.826 -106.464 -112.178 17.262 155.617
-110.895 -72.373 66.979 148.397 -107.845 -74.0253 47.9609 139.322
76.8025 -113.598 360.845 386.021 78.2558 -113.871 370.366 395.3
114.315 -38.4108 1111.7 1118.22 114.814 -39.2843 1089.55 1096.29
0.700777 134.265 14.3889 135.036 2.8414 140.727 12.7796 141.335
-61.1937 -81.405 1527.96 1531.35 -69.0732 -62.1505 1502.98 1505.85
-76.8968 -153.877 -404.452 439.515 -78.3069 -157.038 -433.055 467.258
88.5975 60.9724 -975.431 981.342 115.917 93.8581 -1278.02 1286.7
83.3835 -90.3918 -127.569 177.193 71.188 -48.4019 -227.865 243.584
-106.224 -32.5325 502.51 514.644 -110.518 -30.1063 550.77 562.555
137.088 -96.7363 497.112 524.663 154.705 -114.352 819.335 841.618
-103.089 96.3413 63.0414 154.542 -98.7659 97.2043 76.4278 158.255
137.623 -67.0928 60.453 164.609 145.015 -81.4922 60.1943 176.9
4.85898 -153.103 -12.1867 153.665 2.86514 -163.623 -26.4861 165.777
-129.82 15.6349 458.919 477.183 -134.315 20.4479 502.541 520.583
12.2516 102.723 12.875 104.249 11.7297 105.846 27.9763 110.107
139.788 2.36857 39.881 145.385 139.804 -10.7647 29.9284 143.376
59.0289 101.369 -1682.81 1686.89 82.1744 74.4794 -1735.58 1739.12
250.307 186.649 278.649 418.493 252.24 188.601 283.095 423.483
83.343 -61.8685 48.2715 114.472 88.4613 -71.3469 40.8368 120.762
-236.035 85.595 1597.18 1616.79 -232.152 102.892 1977.17 1993.41
115.502 -20.0519 -74.1465 138.71 138.382 3.54783 -99.9605 170.746
-125.46 -138.393 -34.1187 189.887 -129.276 -133.418 -31.6496 188.453
-127.252 -9.11171 -213.038 248.317 -127.941 -5.63502 -274.943 303.306
-181.794 -52.4755 -117.384 222.67 -181.796 -51.5454 -123.036 225.488
-54.1029 -93.7039 1810.79 1814.02 -52.1501 -95.2521 1911.15 1914.23
-104.784 43.0381 -608.735 619.185 -109.553 45.1066 -711.498 721.294
-43.8229 112.532 168.47 207.283 -50.5951 120.913 212.441 249.622
42.8825 178.804 11.2706 184.22 51.987 206.471 32.2799 215.349
36.948 103.23 520.692 532.11 47.347 87.8551 284.172 301.188
74.7804 75.7785 7.55944 106.732 77.4979 62.7568 43.2738 108.706
21.9213 99.3537 -158.723 188.533 23.215 104.645 -177.013 206.938
-105.852 65.2288 1587.25 1592.12 -128.781 78.0969 1397.04 1405.14
180.391 104.736 209.113 295.362 189.37 122.588 240.666 329.862
46.2248 -121.517 -3.91033 130.071 13.7304 -140.869 23.5025 143.474
-11.6738 -103.248 -51.5248 115.98 -14.3271 -108.29 -57.8728 123.617
-185.628 95.0817 31.3479 210.905 -194.744 101.796 32.6505 222.157
85.1927 61.206 -305.725 323.221 115.561 62.961 -343.089 367.462
-232.953 -79.6412 -1034.15 1063.05 -223.88 -78.3021 -794.402 829.053
-83.6744 -66.2547 573.035 582.889 -82.7782 -81.1633 609.13 620.064
-32.0444 -174.939 -22.1808 179.228 -34.7554 -186.929 -37.5793 193.811
-17.1301 116.103 50.6556 127.825 -29.913 125.169 69.3781 146.203
-134.953 -7.07818 155.658 206.136 -134.689 -10.3934 155.545 206.017
-95.1855 55.0221 61.6099 126.03 -88.9016 82.1799 97.1947 155.254
-498.343 104.401 769.088 922.357 -504.563 104.576 775.279 930.902
7.0591 -104.531 83.2607 133.824 10.299 -118.238 110.545 162.193
-62.2585 93.4412 348.105 365.765 -59.2027 98.5782 425.563 440.824
194.488 -125.086 184.731 295.969 179.092 -135.688 121.981 255.665
168.752 38.2255 378.624 416.287 186.913 40.0118 448.743 487.758
-11.4108 180.763 187.583 260.754 -10.7144 193.258 200.501 278.682
-69.9039 -79.4803 177.967 207.065 -73.5117 -102.945 306.894 331.942
84.1978 -59.0198 -801.739 808.306 84.8837 -57.2551 -733.041 740.157
-3.71703 104.448 3359.04 3360.67 -1.8458 105.528 3683.6 3685.12
10.352 -178.486 47.3043 184.938 -17.3218 -213.091 -130.719 250.59
-90.3605 48.2967 36.4334 108.743 -94.244 46.2719 39.3626 112.127
8.77966 114.582 -63.8073 131.444 10.2002 124.393 -63.9284 140.23
119.744 52.3738 -377.626 399.603 117.713 51.4803 -370.412 392.061
27.7495 135.566 -465.343 485.481 33.637 145.524 -485.394 507.854
21.8658 108.069 398.306 413.285 23.6059 108.925 440.45 454.333
-102.372 -0.54911 -9.44011 102.807 -129.952 -17.6236 15.1651 132.015
19.1032 -206.043 -2137.03 2147.03 2.64137 -215.973 -2065.22 2076.48
-142.159 31.3043 119.914 188.596 -141.749 27.8339 102.274 176.996
23.9602 -146.667 488.302 510.416 26.7361 -148.945 480.297 503.572
-99.4109 91.9921 32.9812 139.402 -93.375 99.8565 42.748 143.24
201.654 -203.732 231.92 368.725 211.535 -199.077 175.417 339.338
-152.442 -49.9901 -159.549 226.26 -154.389 -51.2536 -163.528 230.661
-229.713 73.81 7.32001 241.391 -214.741 66.9586 36.0578 227.81
84.6552 163.311 3107.55 3112.99 82.2962 162.029 3263.28 3268.33
61.5754 -122.515 -167.159 216.202 60.9694 -131.674 -170.675 224.021
-107.74 -74.4798 127.083 182.497 -119.335 -101.264 88.9694 180.03
-9.29538 -103.157 17.4353 105.032 -9.70601 -103.176 16.9818 105.014
-125.684 39.9838 -442.197 461.447 -137.763 45.2262 -490.176 511.171
141.956 5.84583 -208.531 252.331 137.173 2.95314 -210.608 251.358
-90.9573 -108.945 -892.076 903.295 -101.334 -116.546 -1346.51 1355.34
-104.843 52.7199 410.64 427.079 -107.198 60.7777 400.762 419.279
100.698 17.2698 -109.904 150.058 91.9359 6.72755 -152.901 178.539
103.182 -85.8888 353.995 378.597 108.138 -91.674 400.794 425.128
119.139 39.4217 -650.463 662.458 129.487 40.7042 -758.04 770.097
-136.04 -30.1047 366.137 391.752 -136.798 -30.076 358.322 384.725
-100.872 22.8113 23.1569 105.98 -113.307 26.1029 38.9238 122.617
33.1563 142.619 -148.516 208.558 46.9076 168.939 -224.114 284.548
24.1239 117.912 -91.7033 151.31 28.4265 125.76 -112.854 171.347
-12.1651 -103.376 -17.8934 105.616 -18.9875 -136.23 16.2015 138.498
-201.31 40.17 -118.504 237.029 -201.934 43.4568 -128.455 243.242
-45.3608 -219.243 -1555 1571.03 -55.3353 -251.796 -1755.7 1774.53
-179.411 -31.768 -44.7419 187.615 -182.787 -40.6638 -47.498 193.185
-59.0288 95.3428 215.992 243.366 -62.2465 83.0823 182.257 209.75
-142.675 96.3047 -10.3444 172.446 -146.584 96.68 -15.8072 176.306
-61.451 -79.2232 139.332 171.657 -70.0167 -82.6537 173.811 204.803
-39.8675 -100.125 876.665 883.264 -71.1396 -105.582 580.517 594.314
96.9275 -54.7738 -264.043 286.555 96.9356 -54.6476 -238.715 263.378
26.639 134.199 2392.99 2396.89 7.81814 105.226 626.347 635.173
160.484 -21.4522 -206.012 262.024 162.192 -21.0752 -212.208 267.923
70.2746 73.847 453.33 464.651 81.9747 78.6523 859.494 866.969
101.001 59.3472 -249.024 275.202 95.7221 64.7325 -218.717 247.366
76.5017 -96.7014 -1702.3 1706.76 77.7377 -93.8007 -1719.79 1724.1
-175.394 -125.291 -569.453 608.882 -175.429 -128.457 -625.179 661.91
116.887 23.7947 1098.14 1104.6 126.477 28.2041 1265.79 1272.4
-62.4956 -108.201 -249.124 278.704 -64.8268 -112.035 -234.805 268.119
120.539 8.56201 962.124 969.683 133.562 3.62006 1040.07 1048.62
157.169 -136.09 -322.124 383.389 111.551 -100.99 -473.88 497.198
-86.8292 154.694 -82.5028 195.643 -81.7904 152.701 -46.3226 179.313
140.574 32.3593 478.484 499.755 143.705 26.3118 466.958 489.278
81.1024 94.1798 251.596 280.621 81.7566 97.1811 262.01 291.166
132.128 121.286 7.07449 179.494 140.359 126.273 -1.41912 188.805
71.6846 304.742 -21.7966 313.818 79.4454 304.527 -20.1914 315.367
-99.4981 -46.3494 1229.75 1234.64 -96.9104 -47.6455 1280.26 1284.8
-38.8323 108.734 -739.109 748.073 -41.4944 138.147 -955.176 966.006
57.3805 -144.603 -1132.02 1142.66 61.0644 -146.684 -1054.26 1066.17
84.0331 -68.1424 129.989 169.121 100.194 -77.2632 153.617 199.014
-52.4791 90.9243 -149.254 182.478 -72.8814 96.7828 -183.451 219.847
-120.298 64.0285 1219.47 1227.06 -122.013 69.8305 1341.19 1348.53
142.577 11.2038 83.8745 165.797 147.163 7.78326 98.6715 177.352
70.9398 71.3649 84.8711 131.638 73.5115 72.6547 108.285 149.694
-55.9725 -125.467 -422.583 444.355 -56.9262 -126.018 -424.114 446.088
-165.632 -109.256 -173.379 263.498 -152.458 -84.1822 -87.5062 194.904
95.2223 39.4513 170.5 199.233 100.447 48.5506 184.716 215.793
-41.9673 -107.27 1061.08 1067.32 -43.3475 -111.45 1076.09 1082.71
34.2716 95.4723 211.94 234.964 38.0987 92.9273 268.623 286.784
-52.3762 -158.725 578.339 602.007 -60.5725 -176.165 684.284 709.188
-189.854 -152.462 -393.755 462.96 -180.559 -122.83 -539.128 581.676
-65.3017 95.1586 697.587 707.07 -65.6837 96.7059 722.485 731.882
-142.899 41.26 -671.704 687.974 -154.072 47.4192 -684.808 703.526
86.0023 -110.162 34.2128 143.884 64.5925 -113.969 35.1843 135.643
130.398 -49.2064 296.454 327.582 151.423 -64.5364 358.701 394.665
123.034 -25.9939 -16.1563 126.783 128.183 -32.6646 -25.3208 134.681
-97.6857 229.121 924.148 957.125 -92.9668 232.971 933.565 966.676
10.5441 102.811 -301.691 318.902 19.7649 86.8642 -403.696 413.408
64.3108 -82.4806 65.4842 123.398 66.1386 -94.9351 88.7563 145.824
-35.9208 -103.703 -644.799 654.072 -35.97 -107.159 -720.117 728.935
79.8784 -150.694 -190.729 255.864 119.52 -160.589 -218.319 296.204
-268.219 -279.486 72.7925 394.148 -270.005 -287.653 71.4361 400.937
66.6904 -77.992 -681.753 689.432 66.0456 -80.0551 -698.736 706.401
155.038 -14.2136 -247.682 292.549 165.947 20.2571 -242.335 294.406
-154.998 69.7276 86.0011 190.48 -149.873 66.1836 94.1639 188.968
62.2628 86.8845 -176.896 206.683 62.0051 87.6151 -175.109 205.388
-96.2512 -31.7991 493.887 504.182 -94.8891 -30.4653 463.474 474.067
-63.3991 -83.2828 671.173 679.285 -65.0785 -89.2925 812.913 820.388
-133.517 -8.47453 -395.265 417.292 -150.95 2.12032 -814.511 828.383
81.1777 59.4282 43.1626 109.474 90.3752 58.699 69.0007 127.962
33.2653 -101.07 -149.374 183.397 33.2588 -112.176 -126.967 172.656
-132.583 20.7279 -185.668 229.086 -139.794 27.7761 -193.248 240.122
-121.298 12.9862 1410.51 1415.78 -126.407 10.2213 1550.05 1555.23
-67.1564 87.2906 -147.984 184.469 -83.8023 80.6864 -117.099 165.061
-73.0138 91.3796 1791.49 1795.3 -67.4652 98.509 1836.32 1840.19
-106.589 45.1454 -1462.92 1467.49 -101.863 43.3937 -1531.85 1535.85
9.2908 123.081 73.2602 143.535 -9.78187 145.819 37.9933 151.004
0.73315 103.3 -145.108 178.123 0.294676 115.817 -167.944 204.006
22.8715 -131.074 1616.74 1622.21 19.1392 -153.016 1693.38 1700.39
108.071 -50.2447 1939.23 1942.89 108.744 -41.1002 1834.79 1838.47
-100.747 58.5799 184.386 218.128 -104.711 62.9438 222.86 254.151
-95.4814 -32.6575 908.186 913.775 -94.8376 -47.0044 972.273 978.018
2.23974 131.367 -347.486 371.495 1.78536 134.469 -356.697 381.205
78.021 -106.554 40.0602 138.007 67.095 -115.374 27.9148 136.353
118.837 34.2232 -1009.5 1017.05 118.715 59.6881 -793.688 804.734
-109.983 24.1482 -288.195 309.412 -118.222 26.571 -304.413 327.642
130.022 23.494 -314.098 340.756 121.986 19.8527 -897.485 905.955
-83.8397 -121.562 274.632 311.816 -93.8224 -139.009 674.216 694.761
37.8419 106.79 55.3804 126.108 39.8297 116.285 58.1692 135.987
-55.5393 -132.948 -398.934 424.156 -59.4809 -143.137 -440.116 466.614
-66.8698 -122.799 231.832 270.735 -70.2097 -128.429 241.291 282.214
-138.056 70.3007 -308.987 345.651 -127.801 53.2085 -125.655 186.958
309.082 -11.3212 -427.447 527.608 300.405 -13.1896 -382.988 486.926
31.9572 -205.078 853.731 878.599 81.9836 -179.693 902.006 923.377
-30.5197 143.836 -41.06 152.663 -28.2742 146.921 -39.8348 154.829
-35.5813 175.371 53.393 186.74 -38.2968 167.527 76.3799 188.058
150.5 90.1244 -112.982 208.657 155.796 96.1261 -131.554 225.431
-203.927 -59.6238 951.75 975.177 -210.461 -55.5275 1069.65 1091.57
51.733 119.242 518.129 534.184 69.4872 153.825 530.539 556.743
75.3699 152.457 -1479 1488.74 83.3179 163.795 -1792.39 1801.79
-108.659 13.1458 8.79069 109.804 -116.796 -3.92559 28.357 120.253
-112.707 -195.916 153.299 273.106 -153.587 -230.79 187.96 334.936
-45.9188 90.7086 -243.24 263.632 -37.2625 100.247 -192.808 220.483
45.017 -94.1141 -18.764 106 48.9729 -102.532 -37.756 119.736
140.514 13.6643 -271.402 305.925 146.635 12.5292 -264.464 302.655
-91.3319 89.6224 -263.976 293.354 -56.1393 101.438 -220.666 249.268
-14.6362 135.246 307.777 336.501 -6.43152 149.8 364.801 394.413
89.6508 59.1549 677.282 685.746 92.1638 59.1289 657.635 666.689
199.332 49.5157 -530.666 569.027 243.961 57.7907 -564.455 617.629
-109.447 -19.2367 3.84683 111.191 -118.018 -24.1604 5.78695 120.605
81.7459 -59.9281 -1424.1 1427.7 87.9677 -64.9201 -1475.73 1479.77
-108.931 -6.48095 397.203 411.92 -133.689 -22.8058 797.506 808.955
-73.0722 -184.75 193.157 277.095 -74.7083 -187.36 192.668 278.937
133.071 -46.3231 -199.447 244.198 122.662 -31.8867 -21.6029 128.567
109.126 69.0445 356.215 378.899 124.658 99.9589 421.504 450.773
-50.5036 132.488 470.783 491.671 -46.9941 131 433.207 455.014
-123.685 84.8083 390.382 418.197 -96.5764 100.697 175.874 224.497
97.321 60.8933 2058.5 2061.7 136.646 107.469 1731.47 1740.17
65.0329 121.041 239.592 276.196 59.8762 118.812 276.273 306.64
-93.3739 -45.7142 179.851 207.738 -99.6531 -69.1284 210.25 242.723
107.796 54.672 -612.562 624.373 116.354 67.4537 -680.66 693.82
-96.2857 -50.0569 -21.7028 110.669 -115.653 -42.7785 -55.3075 135.147
-173.755 -125.842 -282.616 354.822 -182.722 -135.709 -271.973 354.645
104.288 44.925 298.407 319.282 121.854 50.3168 287.984 316.726
-92.6999 111.203 256.281 294.346 -103.58 126.482 265.54 311.83
-184.053 42.7863 104.811 216.082 -181.563 42.9019 106.573 214.857
-91.0158 66.1894 -1442.99 1447.38 -105.997 89.8175 -1780.2 1785.61
141.075 -5.37679 487.302 507.341 142.493 -6.21961 525.581 544.59
140.015 -11.3931 -770.458 783.16 155.385 -14.3836 -872.914 886.753
-78.2907 69.487 -61.574 121.446 -68.8794 85.6449 -71.8764 131.323
-107.385 9.36762 -42.7618 115.965 -107.296 6.23356 -39.8141 114.615
28.9186 120.252 -46.1501 132.011 32.6599 130.094 -22.7013 136.038
101.424 11.3246 -66.3103 121.705 109.281 11.0922 -72.2932 131.498
89.3134 118.541 -350.62 380.74 90.8463 123.22 -701.618 718.125
-43.6671 107.113 -165.11 201.597 -19.7499 108.913 -84.297 139.133
202.145 -141.931 37.1808 249.778 201.435 -143.126 41.7644 250.61
-132.681 -3.57298 143.934 195.791 -134.046 -3.48692 138.234 192.585
-94.7108 44.3621 22.3645 106.95 -97.888 45.9482 21.2503 110.204
-101.915 -33.6458 -285.833 305.318 -108.734 -37.8081 -381.701 398.683
-112.754 5.75382 -1508.54 1512.76 -112.284 9.54222 -1512.45 1516.65
-44.198 -98.7314 -583.453 593.396 -44.3457 -98.5201 -578.778 588.776
-127.729 -81.473 153.637 215.77 -129.551 -84.8297 162.854 224.724
47.5459 -99.2597 -962.951 969.22 62.2589 -102.28 -1684.44 1688.69
-114.814 -4.99334 316.008 336.257 -110.205 -5.03675 328.115 346.165
10.3432 119.273 -35.5269 124.881 -4.88196 158.359 36.5351 162.592
-210.097 -235.425 -484.637 578.307 -194.525 -234.119 -645.654 713.807
-109.957 66.7013 466.162 483.577 -91.6858 55.0917 606.366 615.728
31.9597 -102.26 84.202 136.266 44.1576 -109.198 113.039 163.254
-110.098 7.90874 54.5763 123.137 -114.729 9.89759 70.9665 135.266
-108.097 17.1564 373.669 389.369 -114.785 17.1267 418.257 434.06
-84.8196 52.9867 -223.44 244.801 -100.575 89.2185 -283.516 313.778
-100.857 -116.29 -134.13 204.173 -96.5419 -127.733 -164.688 229.692
-55.8031 128.012 479.102 499.039 -68.2065 161.94 492.672 523.07
-54.6063 -84.3072 -240.378 260.521 -63.8777 -95.3807 -260.037 284.248
-93.7487 -74.4451 -66.315 136.852 -97.1296 -71.9309 -62.1406 135.903
129.056 -18.6657 173.578 217.102 142.601 -28.689 156.116 213.379
-41.6254 -116.386 -57.9066 136.497 -42.0023 -130.304 -71.6871 154.539
69.3521 -86.1516 -1102.43 1107.96 75.398 -82.3784 -1150.34 1155.75
-64.686 -128.015 98.187 173.819 -67.5845 -128.435 96.5675 174.323
273.058 29.0744 -472.604 546.59 279.857 31.8179 -454.564 534.753
-19.927 -101.21 43.9309 112.118 -21.0322 -104.001 46.7627 115.954
103.186 -20.4305 1045.43 1050.7 82.5163 -2.57045 180.707 198.672
71.2001 79.5583 -227.965 251.728 89.2083 110.13 -209.072 252.583
137.088 -146.911 66.0323 211.509 137.663 -146.526 71.452 213.369
113.736 89.5272 566.741 584.932 129.255 94.3314 651.415 670.781
23.164 -277.944 -1465.2 1491.51 22.3109 -282.087 -1518.1 1544.25
-83.4601 194.515 365.377 422.258 -85.0968 190.858 359.931 416.196
121.419 13.8447 752.519 762.377 127.378 14.5811 913.464 922.418
141.315 -57.1022 243.926 287.629 145.656 -51.4865 268.766 310.003
149.918 -109.701 -99.8923 210.923 159.445 -116.303 -99.697 221.108
-31.002 -111.237 670.668 680.537 -31.1479 -115.727 665.056 675.768
72.8097 86.0209 59.8221 127.591 81.064 102.281 97.1693 162.71
-118.315 -14.0291 401.849 419.139 -113.872 -9.43639 415.226 430.661
75.8319 90.4565 -316.067 337.389 90.7801 106.522 -389.804 414.168
-95.1467 -79.7836 -521.871 536.44 -107.547 -92.2099 -648.991 664.273
117.63 -4.2213 60.5196 132.352 120.919 -3.78852 86.5544 148.753
50.6739 -121.994 -552.961 568.521 53.7006 -129.3 -677.223 691.544
-57.8814 -120.152 -1867.78 1872.53 -50.8267 -122.174 -2081.37 2085.57
20.5675 102.909 -204.486 229.843 23.7086 102.386 -203.909 229.399
-152.606 -303.835 2186.3 2212.58 -146.129 -305.905 2311.97 2336.69
-133.439 49.2681 -216.251 258.84 -129.531 57.4379 -260.597 296.628
58.7712 81.2453 -101.725 142.838 85.8443 95.1311 -232.295 265.293
89.4239 -49.2949 1.50229 102.122 89.3656 -53.6563 15.9053 105.443
-66.7013 -103.425 -574.753 587.781 -80.3776 -100.591 -691.808 703.688
-70.9232 114.276 1907.58 1912.32 -69.8708 111.496 1975.81 1980.19
115.229 -129.457 2079.8 2087.01 119.85 -115.336 2342.97 2348.87
86.6312 74.4641 72.1697 135.123 91.7385 80.1637 78.5955 144.981
40.7312 -157.975 -105.049 194.037 15.0569 -154.684 -217.84 267.597
120.182 56.9005 371.717 394.785 155.859 81.8853 663.021 685.999
38.97 -106.79 591.991 602.807 37.2728 -108.658 631.269 641.635
-31.1873 140.261 1114.68 1123.9 -29.481 143.599 1179.8 1188.87
34.6953 140.016 -2351.87 2356.29 36.3215 140.662 -2343.36 2347.86
-79.707 111.039 971.18 980.752 -91.5133 112.989 950.291 961.35
105.77 35.4054 25.8687 114.499 109.283 35.6518 16.514 116.132
178.399 37.7494 -1238.54 1251.89 186.911 36.6421 -1251.04 1265.46
-80.7669 102.701 -686.439 698.762 -67.7734 109.097 -433.825 452.437
-52.2936 -111.319 1757.75 1762.05 -55.1447 -116.574 1806.06 1810.65
-66.5982 97.2079 -476.611 490.961 -67.5177 96.783 -465.549 480.272
107.702 0.325145 -194.011 221.901 108.952 -3.36295 -194.099 222.613
-59.9775 101.539 -846.253 854.43 -143.449 39.9531 -187.369 239.335
-112.409 -134.429 -107.7 205.684 -112.236 -138.48 -116.068 212.71
-104.232 8.35265 626.125 634.797 -111.754 10.3884 738.661 747.139
51.1456 138.147 -477.469 499.677 51.2496 139.199 -472.151 494.903
-117.355 -119.832 181.853 247.391 -118.036 -115.301 198.046 257.777
-68.9396 96.9663 -230.351 259.262 -57.4478 96.9695 -330.404 349.099
120.715 60.4063 370.432 394.26 102.281 87.5019 290.447 320.121
164.854 67.0261 909.696 926.939 166.204 72.3806 1058.04 1073.46
134.057 -141.812 18.9022 196.059 127.197 -139.366 35.0165 191.906
-215.179 -7.43824 694.763 727.361 -226.029 -3.8661 706.901 742.167
97.6713 -27.8112 -56.8476 116.382 94.5748 -40.939 -99.8354 143.483
48.2641 116.521 726.182 737.053 49.8984 119.251 715.568 727.15
-106.158 13.1721 229.561 253.261 -102.46 9.58718 217.816 240.902
24.0336 -100.522 223.654 246.38 29.1924 -113.778 228.546 256.965
134.498 30.6457 527.911 545.636 139.373 24.663 619.677 635.635
108.514 -19.6462 -248.946 272.278 109.339 -20.5492 -254.139 277.423
-123.396 67.2675 127.417 189.701 -136.207 78.5803 182.805 241.133
-136.49 52.4971 4.74839 146.315 -139.509 55.8918 15.6598 151.102
96.6045 -57.3961 -4.84252 112.473 97.779 -68.0977 4.46393 119.239
104.162 69.1802 -395.928 415.204 117.674 75.7773 -496.155 515.518
-110.517 33.8043 799.643 807.951 -126.441 42.2712 1153.66 1161.34
74.6409 107.153 1055.62 1063.67 72.6612 119.604 1188 1196.21
85.7702 -98.7356 -381.267 403.076 89.7871 -105.269 -449.562 470.371
68.8894 80.5418 -441.509 454.051 69.13 79.2739 -435.219 447.749
-28.2166 108.515 104.231 153.087 -36.6976 112.108 133.27 177.977
107.748 28.386 457.808 471.173 103.305 53.687 257.256 282.374
23.8653 -139.703 -633.225 648.892 26.118 -136.799 -740.532 753.515
-224.472 140.444 1560.9 1583.2 -239.861 168.639 441.811 530.254
2.87943 -123.074 214.908 247.671 1.8459 -127.066 218.328 252.619
88.3977 71.1974 -536.642 548.514 90.1828 84.0552 -721.782 732.234
-100.16 46.4145 -412.86 427.364 -110.871 58.1324 -430.346 448.185
-81.9886 -129.706 334.667 368.168 -88.7875 -134.694 386.185 418.527
-39.7082 -124.203 -57.7126 142.597 -34.72 -118.264 -69.4655 141.483
-99.4038 42.0141 -414.373 428.196 -56.9067 42.6907 -538.242 542.923
104.75 59.0947 126.948 174.873 104.458 59.4779 122.519 171.639
-0.0902289 -127.172 -73.9115 147.091 -0.761608 -130.199 -96.2774 161.931
77.6272 87.9949 -601.797 613.13 53.5056 93.3698 -224.239 248.725
112.138 -21.6146 646.946 656.949 123.607 -22.4004 775.945 786.047
67.3898 -77.2383 -156.714 187.26 68.0582 -89.9291 -321.548 340.752
-61.2206 -126.012 -433.657 455.725 -96.9023 -178.462 -403.874 452.054
-143.761 -19.5613 55.3115 155.272 -146.357 -23.0827 36.1472 152.512
-91.0797 -45.6798 -16.9835 103.299 -93.9347 -42.9038 -15.5494 104.433
-90.823 -71.7109 -391.212 407.968 -96.2775 -74.5143 -384.207 403.035
92.3307 -67.3663 -30.728 118.353 92.762 -70.3739 -38.4762 122.628
-42.008 -117.375 322.376 345.642 -43.0144 -111.991 311.583 333.881
-102.116 40.3933 -153.585 188.806 -116.16 46.0443 -105.285 163.395
-65.4796 164.101 -1746.21 1755.13 -65.563 162.827 -1609.63 1619.17
-72.3656 -97.4532 825.999 834.87 -80.0229 -81.9718 306.044 326.781
63.8615 -90.6501 -136.222 175.648 76.0204 -104.488 -173.511 216.34
171.102 -139.349 1052.85 1075.73 173.65 -139.353 1079.93 1102.64
-110.001 -84.9629 710.084 723.559 -101.554 -95.4995 706.417 720.04
-92.9717 -81.9057 200.977 236.102 -92.7499 -76.0242 204.672 237.219
44.1858 -103.24 -157.262 193.242 42.9938 -110.399 -242.657 270.035
149.933 65.4644 1188.05 1199.26 153.331 72.6675 1175.04 1187.23
-286.612 184.694 -1513.78 1551.7 -291.252 187.569 -1553.83 1591.98
74.371 -118.299 84.3153 163.202 75.269 -124.313 79.4087 165.604
134.424 25.9355 -64.5836 151.372 145.773 29.306 -146.567 208.784
107.96 14.9897 -5.09453 109.114 99.4985 5.00067 -20.9933 101.812
38.2964 -104.027 -31.6605 115.285 39.622 -100.027 -35.2722 113.223
101.468 41.8279 -25.8523 112.755 106.314 33.805 -40.3267 118.624
76.9812 -66.8583 69.5281 123.411 82.3033 -64.6247 71.5181 126.748
36.9723 170.721 -94.9349 198.809 35.1278 153.066 -223.502 273.159
-143.491 -15.8846 869.977 881.874 -146.155 -33.4965 1122.12 1132.09
96.5166 -29.3254 -717.238 724.297 131.74 -32.0432 -995.057 1004.25
132.406 -77.9713 277.051 316.809 137.456 -79.7052 276.581 318.973
59.0596 80.7684 519.622 529.168 59.8448 81.5985 573.921 582.773
-79.1942 72.6808 -2421.26 2423.65 -79.8302 68.8189 -2565.4 2567.57
54.898 -104.066 -87.2813 146.497 59.8527 -116.943 -115.243 174.754
81.4956 229.094 -38.6868 246.216 20.501 275.384 -115.032 299.147
-180.336 -205.383 -1776.55 1797.46 -178.755 -208.911 -1764.28 1785.58
90.2018 55.3029 656.251 664.726 94.8767 68.7774 722.071 731.518
174.63 111.387 2663.8 2671.85 187.295 126.522 2615.37 2625.12
198.58 57.6864 -12.6053 207.173 183.874 47.1563 -38.1521 193.62
134.542 57.1098 -433.018 457.02 85.3209 80.8936 -564.657 576.768
105.521 57.2719 -51.8758 130.789 110.878 56.2258 -58.3724 137.342
-0.890293 -122.187 -98.7619 157.113 -6.8124 -120.159 -113.893 165.699
75.8198 123.812 164.624 219.497 80.9817 137.454 157.202 223.973
-98.8703 -57.8717 -68.2073 133.329 -114.753 -55.186 -269.473 298.043
160.85 64.7289 -58.6996 183.052 168.142 63.6488 -70.3389 193.056
-16.2541 -150.483 189.982 242.905 -19.1972 -161.17 188.277 248.581
131.586 -8.68508 1272.89 1279.7 134.168 -11.3258 1128.28 1136.28
-88.3183 -112.195 749.564 763.043 -97.8374 -125.666 840.594 855.548
-56.3232 84.7808 180.24 206.994 -54.858 81.2945 68.893 119.852
-43.9425 98.0824 110.276 153.987 -46.0475 101.928 115.245 160.596
26.8201 -124.169 51.0488 136.906 29.1981 -125.769 56.9265 141.107
-44.2357 -92.2922 196.277 221.358 -50.6558 -103.939 377.29 394.61
-66.4453 145.462 -839.681 854.774 -61.8668 151.948 -842.039 857.872
60.0328 -101.996 -462.986 477.873 56.9887 -98.5888 -487.21 500.341
118.208 96.5673 378.725 408.328 121.522 103.937 414.293 444.083
82.9139 -68.8866 31.6372 112.343 85.7519 -59.9867 65.8455 123.642
-8.6988 -109.268 359.471 375.811 -8.97076 -111.075 363.407 380.109
-31.8245 -95.8691 76.0016 126.412 -26.8595 -125.101 106.922 166.745
138.987 -174.594 -423.9 479.053 132.992 -174.669 -182.633 285.571
-44.3265 -138.38 -301.176 334.396 -50.7122 -155.23 -297.927 339.747
-104.748 -2.31638 -52.253 117.081 -111.431 -7.02278 -78.8964 136.714
-3.09704 -118.18 -510.397 523.909 2.66058 -127.364 -547.983 562.596
103.011 46.072 -55.9257 125.943 76.2958 62.9568 4.80681 99.0339
-176.2 152.476 542.363 590.299 -180.821 154.285 555.517 604.234
-106.008 -43.2195 -194.365 225.574 -118.316 -43.991 -236.672 268.231
8.44559 -120.771 -501.107 515.524 8.47734 -149.612 -673.636 690.102
139.288 -39.5128 309.316 341.524 147.742 -18.1533 281.246 318.208
-114.467 -60.4919 605.705 619.387 -116.873 -65.7587 697.047 709.829
-108.014 -101.837 129.964 197.303 -108.899 -102.091 121.082 192.204
107.227 55.3673 445.199 461.265 119.254 51.7727 503.653 520.162
95.3267 31.984 -92.3701 136.537 106.59 46.7022 -117.831 165.61
-58.6398 84.303 42.3114 111.067 -61.8841 92.5651 45.178 120.162
-56.8237 -122.409 -3148.64 3151.53 -46.3238 -130.377 -3334.92 3337.79
105.457 102.908 -390.172 417.068 104.355 84.3783 -417.963 438.979
27.7742 -114.038 491.394 505.217 29.6768 -112.85 490.758 504.439
111.75 -34.1544 22.7965 119.056 111.746 -11.5625 74.4401 134.767
-17.2389 -162.486 -173.331 238.207 -31.2331 -189.645 -178.175 262.083
64.9806 79.3599 2302.09 2304.38 75.6308 72.2956 2597 2599.11
-31.2289 109.507 398.72 414.662 -44.1737 109.174 385.245 402.845
13.7114 189.825 147.366 240.704 12.4317 231.282 449.541 505.701
90.6901 -59.0558 337.066 354.014 93.9591 -62.4782 332.994 351.592
-122.168 22.4099 -149.249 194.171 -123.766 26.4378 -171.456 213.106
123.682 164.052 -1510.69 1524.6 125.319 168.625 -1532.26 1546.6
44.0145 95.1823 26.5999 108.187 39.4449 97.634 36.687 111.509
8.09918 100.282 353.834 367.859 5.95769 142.266 566.594 584.212
-193.102 44.4274 791.815 816.231 -193.328 44.5967 769.457 794.624
-50.7528 86.9011 665.752 673.315 -49.8377 88.8989 647.884 655.851
39.0202 -114.821 61.9327 136.169 43.0909 -115.117 60.5864 137.038
95.5075 -78.1989 227.752 259.052 103.891 -85.9057 225.978 263.134
-15.5596 125.316 -256.463 285.866 -11.3491 135.667 -215.261 254.7
64.5838 148.531 43.9305 167.816 65.6494 154.672 47.6213 174.645
-110.716 -17.8517 552.419 563.688 -111.553 -18.2227 536.776 548.548
100.587 -59.5225 91.3498 148.342 98.031 -67.0731 102.093 156.627
-90.3752 265.983 590.44 653.861 -91.9964 271.446 603.903 668.465
108.083 -52.4648 -86.3776 147.971 107.867 -52.9722 -91.9331 151.304
-324.204 47.3232 117.262 347.992 -324.308 48.4557 114.946 347.471
216.32 -419.422 858.657 979.797 211.103 -423.414 896.074 1013.31
-106.226 7.82201 156.442 189.26 -118.389 12.5082 255.099 281.51
-77.1378 109.864 -1467.62 1473.75 -84.1964 120.07 -1856.02 1861.81
-74.5265 92.4103 85.1299 146.085 -64.3635 93.6616 61.0329 128.997
92.4698 -57.3375 851.577 858.5 103.35 -71.4113 1157.04 1163.84
216.067 -13.4812 -366.109 425.326 217.701 -14.3897 -372.157 431.395
67.6734 -96.1037 168.77 205.667 71.9368 -92.8775 170.288 206.88
97.6459 -125.395 424.284 453.073 106.801 -134.175 407.024 441.676
-51.743 -90.6019 -97.0848 142.518 -48.4617 -90.2612 -108.077 148.917
5.68707 99.8714 -800.503 806.729 2.31549 107.873 -973.103 979.067
-141.998 58.3691 142.737 209.628 -146.635 57.2122 160.512 224.809
-98.853 -50.7863 -458.393 471.673 -104.82 -52.9072 -463.036 477.691
-80.17 -99.9687 675.177 687.23 -73.6561 -120.286 747.815 761.001
129.825 -18.1734 -458.791 477.152 123.407 -34.2836 -205.282 241.962
-110.779 62.7258 -21.5535 129.117 -90.6974 38.1725 114.6 151.051
129.971 11.92 33.3997 134.722 184.281 14.2048 -73.7509 198.999
-52.9252 -102.951 -51.181 126.568 -53.6854 -107.438 -52.8618 131.223
-17.83 -116.292 217.199 247.017 -48.9599 -94.4912 283.433 302.754
72.5588 -86.0242 -66.2414 130.587 84.2471 -91.1904 -79.4459 147.394
-77.2409 116.715 -236.227 274.575 -87.1675 109.912 -282.183 315.129
112.017 -4.296 -68.0437 131.135 118.105 0.45871 -69.4802 137.027
86.9247 78.4079 -111.23 161.48 88.9784 88.2502 -94.1753 156.762
-23.2077 -115.05 -67.8251 135.556 -21.2816 -171.883 197.851 262.948
111.121 106.683 -699.815 716.568 132.961 112.401 -577.166 602.854
-32.2371 98.1099 -142.2 175.743 -32.5469 95.7733 -136.138 169.603
51.4141 93.6374 -83.4831 135.576 51.0935 93.3973 -78.7251 132.406
-157.927 -29.6187 616.109 636.717 -161.008 -27.79 627.508 648.431
110.157 -35.4712 -395.435 412.021 108.866 -36.1392 -430.102 445.135
-107.563 -14.1969 -136.413 174.298 -105.129 -10.6562 -147.503 181.446
57.2877 85.4095 40.5491 110.548 66.7945 97.7132 25.3636 121.048
145.392 35.7471 -8.69455 149.975 136.34 45.2955 -27.4727 146.27
46.8339 -102.515 -59 127.215 52.3226 -108.735 -78.0075 143.688
83.9662 -83.8378 268.732 293.761 87.4012 -88.404 276.035 302.737
-93.3561 -116.28 -191.094 242.391 -94.8892 -128.134 -401.124 431.651
112.063 -167.1 -95.6781 222.789 114.373 -170.008 -99.8874 227.95
-83.3172 65.7067 -334.837 351.248 -95.2626 58.479 -427.059 441.445
78.8236 69.5207 -2054.28 2056.97 89.522 70.8373 -2374.04 2376.78
-172.408 -51.5492 -19.6462 181.019 -178.352 -48.301 -31.681 187.473
10.1518 -133.372 -48.5419 142.293 -3.86051 -135.332 -32.4224 139.215
64.1373 -78.2944 1824.44 1827.24 86.3612 -80.1667 2234.63 2237.74
56.2375 82.7794 265.136 283.394 54.5458 78.6468 245.065 263.092
-79.1248 69.2885 -99.1157 144.518 -96.7531 75.1357 -142.991 188.29
17.8742 101.378 359.13 373.593 20.2479 101.77 438.945 451.043
106.614 144.131 -144.42 230.212 96.126 146.979 -139.612 224.354
86.8092 116.037 104.139 178.453 96.0696 133.509 -29.8627 167.17
20.9948 100.914 -396.302 409.487 21.674 118.386 -419.5 436.423
120.778 -9.76236 -410.023 427.553 127.459 -11.3554 -438.276 456.575
-70.3301 114.757 218.057 256.251 -73.8404 115.852 201.992 244.284
80.9821 68.5747 1650.57 1653.98 80.8693 69.376 1745.58 1748.83
-43.3702 109.431 -114.89 164.487 -48.7608 134.849 -5.25928 143.491
-34.8196 112.115 36.7341 123.011 -39.7467 117.454 30.9423 127.8
24.682 -108.274 252.413 275.762 32.0735 -115.991 281.736 306.363
2.0313 -108.965 -1343.83 1348.25 27.4224 -96.0956 -853.056 858.889
18.932 136.122 -325.794 353.595 23.2154 148.403 -87.5981 173.885
-130.065 91.3725 260.994 305.587 -133.454 84.771 267.065 310.354
-139.448 20.1629 226.315 266.591 -144.012 32.1938 230.271 273.498
126.345 44.2509 2007.55 2012 123.698 33.5757 2295.09 2298.67
-135.079 -11.9848 109.115 174.058 -134.968 -23.3498 131.491 189.872
-158.776 18.8809 491.05 516.426 -151.858 27.0397 648.284 666.382
59.4909 -153.807 504.943 531.191 62.9991 -139.062 525.406 547.137
-123.162 -10.1009 508.678 523.474 -120.283 -15.8059 437.165 453.686
136.18 -66.0607 -575.79 595.351 116.007 -35.1047 -1336.38 1341.87
84.8605 58.0692 428.835 440.99 128.316 -19.1768 -24.0281 131.947
-224.133 -146.294 -728.286 775.911 -229.177 -150.049 -779.059 825.815
35.6533 -101.893 830.895 837.878 35.3309 -99.3301 744.901 752.325
-93.9033 37.1684 -506.448 516.419 -104.457 33.2554 -456.202 469.188
-100.488 8.14115 111.69 150.462 -98.224 -7.38641 90.8925 134.03
153.963 -34.7368 -857.344 871.751 157.51 -35.7534 -850.719 865.916
113.609 -7.89051 9.3444 114.265 117.459 -26.7439 26.9819 123.45
-166.845 -12.0505 -154.967 228.029 -174.221 -5.65718 -161.38 237.547
-108.358 -123.266 807.859 824.362 -95.5853 -134.567 576.629 599.788
-68.9636 82.2964 -314.876 332.679 -82.5885 81.5499 -225.392 253.521
-82.5902 -80.9799 -1288.39 1293.58 -93.4305 -70.9451 -1391.31 1396.25
-64.229 -87.9193 181.769 211.885 -72.7186 -105.318 222.688 256.846
105.032 95.2013 278.573 312.567 78.5316 96.8667 319.27 342.759
-78.1418 -87.0262 521.923 534.868 -79.2766 -87.0513 541.493 554.145
-150.118 -160.696 -1461.24 1477.69 -156.217 -166.988 -1363.49 1382.53
97.9545 -46.059 -134.753 172.844 100.864 -49.5065 -140.861 180.184
-25.9652 -112.8 -209.871 239.675 -23.9874 -114.026 -275.726 299.336
-143.337 119.438 -549.772 580.569 -142.656 116.904 -479.606 513.847
172.972 -37.8218 233.826 293.3 161.758 -60.6461 264.242 315.702
-19.0433 -109.467 45.0462 119.896 -9.16179 -136.228 176.5 223.146
97.4786 43.6158 78.0278 132.26 99.3469 58.5565 90.9677 146.88
-50.5704 142.418 -170.706 227.993 -52.2574 143.414 -150.753 214.535
153.895 41.2169 -407.895 437.905 150.547 48.8721 -373.24 405.415
113.07 69.0305 -26.155 135.034 118.558 84.3722 -0.610792 145.516
102.693 -110.447 -166.525 224.666 98.1028 -129.539 -205.073 261.648
251.675 214.811 279.25 432.972 361.212 214.571 74.3442 426.663
-121.642 91.517 149.232 213.172 -122.994 99.0744 95.4563 184.54
-77.2682 -71.1923 -1414.6 1418.49 -86.0122 -91.0845 -1378.1 1383.79
152.055 15.5526 -209.462 259.301 160.13 -2.49696 -241.246 289.564
110.341 9.54977 164.52 198.326 110.21 -28.7847 8.34733 114.213
93.3283 -175.372 -52.0297 205.359 93.3067 -206.79 -81.1543 240.944
-115.531 99.0898 90.2633 176.957 -114.78 93.5059 108.091 183.307
38.3029 -100.662 -143.638 179.532 42.4813 -116.218 -132.755 181.48
107.876 52.7101 19.5558 121.647 96.6789 46.9961 -3.66871 107.559
-71.2147 -87.4403 -124.708 168.135 -88.7356 -103.9 -116.481 179.547
-73.6476 99.687 -480.162 495.901 -113.581 132.14 -432.482 466.264
-44.2331 -234.368 -244.416 341.503 -16.4369 -209.039 -412.571 462.798
-100.646 45.3668 92.4163 143.974 -113.345 51.7871 82.6775 149.548
-160.251 60.7459 -254.951 307.198 -153.561 52.0044 -282.311 325.553
-93.9858 -42.9439 -603.892 612.668 -96.6116 -54.9316 -605.837 615.946
-76.2706 -75.2116 -3.44743 107.172 -77.0038 -85.7941 -5.98163 115.438
8.19014 -122.948 163.439 204.684 -14.0839 -93.076 378.874 390.394
-83.1675 -139.433 212.643 267.536 -46.6089 -125.218 274.509 305.299
-127.428 -94.8831 -752.979 769.557 -149.57 -139.906 -883.316 906.748
60.0658 128.732 -151.2 207.464 70.2073 118.53 -181.745 228.056
110.034 127.361 541.752 567.295 111.986 127.125 565.907 590.722
-110.406 39.757 -374.382 392.342 -141.473 52.5502 -288.763 325.822
57.56 -101.495 342.347 361.685 63.7412 -113.302 434.216 453.259
118.814 -64.8896 250.55 284.785 107.363 -29.9794 258.035 281.083
-84.1737 73.8162 -156.313 192.27 -93.4492 78.6054 -193.315 228.653
25.6418 -121.671 867.607 876.472 27.3623 -132.863 1518.33 1524.37
70.8276 -74.1867 -312.269 328.682 68.9847 -76.529 -312.571 329.114
92.1018 -50.3229 223.153 246.602 94.0737 -50.9489 249.402 271.38
46.6506 142.763 298.829 334.449 38.7989 120.604 -38.9643 132.548
1.73164 100.324 -12.8887 101.163 -0.674458 108.035 -0.459484 108.038
106.525 160.527 185.26 267.279 104.814 159.327 188.658 268.259
80.0737 -64.0447 42.2189 110.887 87.6073 -67.4534 59.5071 125.563
164.803 15.7059 -226.555 280.595 202.165 12.0425 -408.179 455.66
165.479 58.5307 -26.1338 177.46 163.034 55.9295 -26.6474 174.408
208.37 55.4613 1490.98 1506.49 222.489 30.9877 1617.19 1632.71
63.6573 80.1366 -770.043 776.814 67.1688 82.7487 -846.788 853.468
145.11 49.0476 -604.975 624.065 147.082 54.0029 -743.732 760.057
-33.9192 -104.26 -1135.98 1141.26 -29.2751 -104.944 -1301.89 1306.44
31.4497 -135.058 174.075 222.557 30.1504 -135.073 178.747 226.063
-291.519 -71.5985 998.479 1042.63 -298.636 -65.1576 1036.82 1080.94
89.2727 -66.3239 -58.5454 125.682 109.27 -70.0396 -44.4487 137.19
-19.5367 108.775 -2198.7 2201.48 -41.9141 130.964 -273.217 305.869
-733.409 426.075 1635.46 1842.33 -730.965 426.275 1622.16 1829.6
96.8291 54.3092 98.7696 148.596 97.1117 49.0237 88.0375 139.945
-49.4714 -88.7069 -953.04 958.437 -47.6569 -99.0008 -1180.58 1185.69
-174.597 85.1448 92.2254 215.034 -177.157 99.4733 108.774 230.459
-103.971 34.6484 -38.4482 116.141 -107.495 33.2203 -61.8057 128.369
-24.9151 137.037 -133.557 192.97 -23.1915 137.595 -145.138 201.334
163.7 10.3008 -9.98429 164.327 186.269 13.3911 -66.8759 198.363
153.096 -147.802 72.2766 224.739 188.465 -159.435 70.0633 256.608
78.5699 -71.647 -68.2912 126.373 79.0029 -72.0775 -65.9574 125.646
-12.2609 111.873 -859.4 866.738 -5.99249 150.108 -1301.64 1310.28
8.65043 -167.444 -181.526 247.111 6.35153 -172.599 -187.753 255.112
-151.482 -199.641 -425.039 493.418 -153.547 -203.68 -405.481 479.038
-9.72361 132.796 -41.4398 139.451 25.4711 109.024 -118.262 162.852
111.496 32.4912 -556.295 568.288 114.669 30.3966 -602.968 614.527
-56.2127 88.6451 -296.693 314.713 -58.2457 94.4001 -282.321 303.33
-32.9465 -149.73 -173.666 231.656 -25.4935 -167.55 -194.405 257.908
-108.534 -101.091 386.443 413.929 -106.044 -98.449 351.84 380.433
-96.1151 52.766 -37.168 115.775 -139.664 37.9355 -39.4704 150.01
42.2998 122.692 -524.728 540.538 31.6744 127.936 -641.787 655.18
50.7934 108.024 -737.044 746.647 80.6399 101.296 546.074 561.213
64.655 299.9 451.791 546.109 67.9643 357.975 421.129 556.88
98.0618 -30.1095 -585.467 594.386 93.0495 -22.0147 -664.809 671.65
0.094013 -159.432 -869.759 884.251 3.39867 -159.267 -1037.27 1049.43
91.7563 173.793 2114.83 2123.94 91.5777 175.157 2112.07 2121.3
-56.5835 -92.6916 -339.73 356.665 -60.1174 -90.5284 -307.334 325.981
-34.4526 166.301 -221.595 279.191 -33.3046 164.162 -218.907 275.642
-22.8216 -131.938 640.571 654.415 -23.3555 -133.278 611.079 625.88
-8.89399 102.815 -1156.18 1160.78 -6.51339 123.276 -563.474 576.838
100.492 -47.4598 -312.626 331.792 110.197 -53.2074 -504.394 519.026
79.5308 -66.7033 -48.6153 114.621 92.8705 -66.3748 -48.7013 124.106
78.9119 -76.7645 -778.033 785.783 89.4601 -77.462 -914.478 922.103
117.378 -249.699 201.704 341.777 121.198 -300.316 488.635 586.211
44.2422 91.1561 13.9031 102.275 41.5267 100.638 19.593 110.618
92.2494 -109.458 -62.6255 156.247 111.288 -113.234 -102.733 189.106
-62.6274 100.174 -129.438 175.246 -74.6311 103.424 -115.577 172.117
169.668 66.9701 -509.371 541.046 190.428 73.0882 -661.821 692.54
-23.9915 -97.3023 39.9099 107.871 -17.9216 -109.896 34.2322 116.491
102.056 -2.78634 82.3457 131.164 104.408 8.18105 70.6321 126.321
-75.7136 -66.7954 216.758 239.12 -111.487 -83.2422 341.356 368.622
190.444 80.7403 -46.2025 211.949 223.174 81.589 -22.3714 238.671
-163.562 36.4596 58.6131 177.531 -194.665 26.5454 112.438 226.366
-106.069 -3.21577 49.952 117.287 -130.785 -28.5274 216.673 254.687
3.72611 -137.886 616.924 632.157 11.6929 -137.49 690.85 704.496
109.105 90.5879 773.486 786.378 74.0509 130.81 1088.58 1098.91
-146.28 83.8734 -900.669 916.318 -157.508 92.4682 -1064.56 1080.11
-129.464 46.7481 -211.931 252.707 -139.332 40.0909 -195.045 243.029
-36.6177 123.374 -3.43805 128.739 -42.6043 121.683 62.8894 143.447
-43.6702 -140.707 -332.896 364.04 -63.2948 -166.342 -789.777 809.583
-4.37323 124.864 -96.5265 157.884 -6.54594 137.262 -94.923 167.015
-85.0034 -114.974 0.319634 142.985 -89.3111 -113.121 -3.22048 144.164
-84.1603 102.239 105.593 169.369 -90.3326 101.516 147.56 200.597
73.9178 -77.6658 577.985 587.845 62.49 -93.1371 988.086 994.431
112.491 -24.1993 1416.06 1420.72 118.754 -18.3711 1660.53 1664.87
3.64747 284.786 -1826.43 1848.5 -0.36122 276.745 -1884.29 1904.5
39.7729 107.362 -618.357 628.867 51.7771 103.455 -632.654 643.144
137.275 -84.486 36.1304 165.19 136.151 -86.7769 48.6211 168.616
155.83 149.007 337.537 400.522 135.589 139.034 175.308 261.625
110.415 75.0995 -587.837 602.813 114.183 74.165 -591.258 606.733
-102.489 -197.854 -856.543 885.051 -108.75 -213.565 -921.292 951.953
-91.4568 -64.463 362.222 379.11 -137.549 -70.6506 1062.9 1074.09
104.18 -8.98242 1323.16 1327.28 113.327 -7.01346 1533.17 1537.37
-395.022 -400.271 -205.521 598.747 -406.764 -389.646 -206.379 599.895
-206.463 -109.251 -24.1579 234.833 -204.947 -108.331 -20.9976 232.766
46.2709 -255.963 1288.9 1314.88 48.8677 -274.999 1427.48 1454.55
-79.1473 -217.345 23.9633 232.546 -84.9088 -221.161 17.6802 237.559
25.2713 106.163 -61.4106 125.222 24.3485 106.22 -45.5731 118.121
104.338 57.8791 217.421 248.009 128.914 60.4509 243.985 282.492
-103.88 20.6815 414.228 427.556 -114.677 25.0252 480.493 494.621
-98.2288 21.5906 -278.621 296.218 -103.852 19.8641 -341.334 357.336
45.3393 118.757 -588.301 601.877 29.363 117.972 -765.45 775.044
123.81 -40.2665 216.815 252.901 132.05 -37.3003 235.857 272.868
-91.2426 79.4354 -2.12163 120.995 -93.095 83.7905 -9.50772 125.61
48.5178 95.1488 254.41 275.92 46.9806 110.742 242.797 270.964
-16.4553 104.348 -740.477 747.974 -20.5463 109.231 -762.501 770.559
44.4835 -119.313 213.563 248.643 45.1791 -122.641 194.468 234.307
181.042 34.4517 52.0679 191.505 197.792 38.4949 22.7925 202.788
-118.231 6.55759 -20.8215 120.229 -122.926 -0.0493803 -42.5924 130.096
105.59 0.508323 188.476 216.039 89.4134 -27.0762 -48.1372 105.095
125.328 -6.98519 177.269 217.21 123.714 -6.99223 173.294 213.037
0.445267 -152.566 -3060.51 3064.31 30.0248 -164.883 -612.711 635.219
95.5523 49.6011 -58.9009 122.718 99.4371 51.397 -62.5099 128.206
132.354 258.241 -157.513 330.176 136.644 266.52 -170.455 344.615
-119.995 -58.9408 9.98717 134.062 -138.701 -53.8433 -1.95283 148.799
301.045 191.942 188.593 403.779 309.149 187.372 171.137 399.962
-97.7445 73.6954 -392.252 410.91 -96.7981 78.5616 -421.313 439.371
-48.1096 95.7264 -878.328 884.838 -55.411 98.4053 -910.268 917.247
30.9783 -119.889 -29.8677 127.378 87.7072 -134.475 9.53287 160.832
81.3739 -74.6395 140.043 178.339 134.687 -102.833 100.345 196.937
97.209 115.698 -255.699 297.014 137.405 137.412 -118.493 227.602
-68.8122 168.391 -581.193 608.996 -60.3208 168.214 -499.55 530.551
158.162 -164.534 76.3353 240.653 182.79 -154.077 96.1257 257.667
25.8002 109.516 -2.7994 112.549 28.9272 107.592 170.745 203.879
-14.7886 -106.286 -377.722 392.669 -19.1113 -136.078 -352.717 378.539
-45.6139 117.911 -303.946 329.191 -42.4292 125.272 -340.467 365.254
-199.94 15.8315 -854.849 878.062 -210.582 19.1237 -838.119 864.38
-121.052 -44.322 -101.227 163.905 -152.469 13.8202 484.539 508.149
-114.125 162.734 -171.196 262.326 -141.874 177.225 -235.299 326.96
-105.288 -136.885 -419.401 453.564 -100.497 -116.743 -255.689 298.505
188.101 -9.69411 171.939 255.028 198.924 -8.80584 34.8546 202.146
-77.1663 -107.628 -39.5045 138.199 -96.1663 -116.617 -74.0886 168.335
32.6639 203.43 -216.351 298.762 52.7702 216.623 -270.065 350.207
-81.4569 152.959 142.479 224.348 -84.6698 153.464 139.459 223.984
153.798 -65.2729 1723.61 1731.69 161.88 -75.7447 2426.69 2433.26
29.8988 146.8 -35.5323 153.97 21.0954 161.243 11.7369 163.04
-71.263 72.5176 -21.4418 103.908 -92.1456 64.8071 -1.86628 112.669
-57.426 -89.0281 -297.993 316.265 -66.7847 -102.413 -303.288 327.005
175.958 -48.5676 132.798 225.733 183.864 -49.7166 133.002 232.309
50.8675 -110.647 -67.9632 139.46 83.0589 -114.512 -40.8419 147.24
101.889 159.29 -247.745 311.661 92.3105 157.591 -227.839 292.005
-118.428 -3.11164 320.227 341.438 -118.982 -5.44301 263.876 289.512
-18.2866 317.531 421.506 528.041 -23.3409 322.936 432.971 540.644
-122.04 -31.4265 -291.195 317.295 -92.2163 -19.5715 -701.745 708.048
-87.3493 -72.9935 -663.108 672.808 -93.0271 -83.281 -701.255 712.284
-104.696 -68.6868 1.62744 125.227 -104.98 -69.7396 -11.0044 126.513
-108.301 28.8312 282.336 303.767 -139.43 10.5213 63.5682 153.598
125.73 56.8935 257.276 291.952 198.14 98.7999 315.477 385.417
0.736294 100.276 -432.168 443.65 4.40507 106.779 -417.667 431.123
79.561 -89.8844 1015.85 1022.92 77.9409 -90.5441 842.656 851.083
-96.2623 -47.8476 99.3491 146.376 -97.6458 -49.3243 99.2331 147.698
106.355 -10.3601 134.162 171.518 109.543 -8.82384 134.028 173.323
-94.2739 250.079 -84.7413 280.371 -90.8478 241.098 -106.261 278.699
65.0474 -312.455 460.357 560.167 68.9284 -313.898 607.071 686.89
-71.867 114.05 59.8599 147.498 -103.342 143.64 82.4392 195.214
154.298 55.9667 -855.766 871.364 156.026 58.4069 -768.021 785.883
72.4895 118.415 -350.938 377.404 76.3511 120.651 -364.589 391.55
102.727 60.6376 167.039 205.261 128.801 60.7484 139.625 199.438
-108.772 114.948 -863.15 877.538 -138.647 145.389 -2054.23 2064.03
71.7248 122.433 -57.6308 153.152 89.6097 146.354 -162.514 236.347
89.4008 -110.542 2.0619 142.184 87.8808 -110.068 2.01564 140.862
-89.6971 -110.784 -767.253 780.382 -89.1888 -118.813 -850.751 863.625
-130.598 -36.6858 28.4619 138.606 -146.018 -63.0689 58.6073 169.511
-229.56 -111.071 -1768.62 1786.91 -212.144 -98.5274 -1726.17 1741.95
39.3337 104.083 1973.73 1976.86 46.9916 106.082 2091.58 2094.79
125.894 -71.425 67.153 159.563 116.492 -59.3578 46.856 138.886
98.8081 -64.453 -31.4103 122.081 94.8697 -66.3188 -32.7421 120.293
118.456 15.1017 -109.143 161.778 134.598 23.2112 -125.544 185.517
116.112 -46.822 -514.112 529.136 125.638 -44.1343 35.8929 137.917
-1.94841 106.645 -1088.82 1094.03 2.79463 122.035 -1085.16 1092
-98.0128 22.4748 35.6972 106.705 -105.233 19.6887 44.8377 116.069
86.2902 52.2267 593.43 601.941 97.3941 62.9936 695.428 705.034
103.273 74.3389 -37.6358 132.695 97.455 75.8249 -2.7947 123.51
101.179 -50.8377 -630.074 640.167 111.792 -52.0156 -811.686 820.998
-69.7193 75.944 221.02 243.882 -72.5009 79.4493 178.623 208.506
107.09 -72.5167 193.586 232.814 113.418 -77.2672 196.757 239.89
-114.273 19.0016 432.067 447.327 -140.844 32.8077 465.269 487.225
-69.5002 90.9126 14.0843 115.298 -48.4345 114.582 -62.5601 139.243
39.6692 203.844 1105.67 1125 39.0713 217.999 1040.56 1063.87
-119.552 101.288 -102.984 187.504 -117.105 83.1327 -115.265 184.148
80.4166 -61.3518 1134.29 1138.79 91.1151 -73.5977 1211.84 1217.49
37.0559 -96.261 63.472 121.112 38.9217 -98.0542 67.2126 125.088
98.2419 50.8303 188.247 218.34 121.331 60.5743 214.301 253.605
-58.1783 -94.6895 390.047 405.57 -57.4407 -108.233 295.403 319.807
91.8231 -155.449 722.654 744.866 91.6289 -156.611 699.618 722.765
-80.7576 112.311 -1425.49 1432.19 -88.0528 127.306 -1505.78 1513.72
-125.278 -11.9377 -42.4512 132.813 -124.394 -8.51384 -73.436 144.704
113.55 44.2795 52.661 132.768 116.421 47.7676 47.2981 134.435
119.959 -15.924 -62.8468 136.358 121.979 -15.5352 -47.488 131.816
162.73 67.8411 -940.823 957.2 130.113 58.634 -1188.41 1196.95
-82.7335 182.748 -1252.42 1268.38 -90.5245 190.288 -1357.73 1373.99
274.031 -153.61 65.8603 320.978 286.666 -158.92 81.1858 337.674
-147.512 -52.089 -100.482 185.93 -123.953 -84.9729 -30.0966 153.266
-29.0898 -102.014 373.57 388.34 -53.1262 -82.9553 554.894 563.57
-134.889 226.59 -597.982 653.545 -129.217 223.154 -570.149 625.751
-47.4139 90.9681 -80.0701 130.133 -53.4388 93.8339 -80.7681 134.848
105.776 15.9514 -483.265 494.963 115.532 12.435 -527.449 540.097
-115.679 6.49106 1112.96 1118.98 -124.485 -11.7771 1282.48 1288.56
47.9032 -148.114 522.805 545.488 68.2466 -166.068 575.231 602.6
162.364 16.0895 185.104 246.748 164.617 -4.68875 200.205 259.235
12.2354 105.261 -843.329 849.961 5.15547 130.168 -900.94 910.31
-57.8675 -108.117 -1087.6 1094.49 -60.5004 -110.241 -1335.44 1341.34
84.211 160.967 102.623 208.647 84.1017 162.242 78.9984 199.089
-95.5682 39.9891 -40.128 111.098 -104.146 28.9813 -4.2737 108.187
-109.202 -114.089 -526.582 549.755 -108.763 -114.287 -525.422 548.597
-229.506 -107.056 182.11 311.926 -250.057 -103.048 148.141 308.372
85.521 77.7107 -1325.14 1330.17 92.5544 75.3782 -1680.71 1684.94
-111.253 -13.1709 260.149 283.245 -109.002 -13.5356 265.678 287.488
129.073 40.424 1387.06 1393.64 120.551 26.3003 1516.58 1521.59
194.157 -54.8557 66.693 212.494 169.297 -2.98763 38.5642 173.66
-110.885 52.1988 28.2689 125.775 -116.287 51.6386 5.55114 127.358
-177.154 32.4249 1150.28 1164.3 -251.141 98.2582 109.592 291.096
-127.918 19.6229 -178.49 220.469 -127.623 19.0733 -173.345 216.102
100.231 -31.9738 366.74 381.532 104.105 -34.0358 426.323 440.168
-188.462 17.1953 209.199 282.095 -194.479 16.8412 237.631 307.529
-9.89119 115.484 233.948 261.087 -13.7267 117.554 217.969 248.028
-173.986 293.774 -569.115 663.676 -160.337 286.913 -732.012 802.415
-38.1034 -100.886 -693.981 702.31 -36.5891 -119.828 -830.765 840.16
107.281 -10.2316 -677.083 685.606 116.344 -8.90171 -713.002 722.487
16.5137 100.357 -657.488 665.309 19.9005 103.268 -664.917 673.183
128.454 418.359 25.3199 438.367 130.957 421.443 24.7836 442.016
68.9401 110.094 -125.399 180.55 73.7312 114.807 -96.2226 166.96
-26.0712 111.283 16.0344 115.416 -48.402 112.975 -7.02919 123.108
62.0497 -84.6206 1425.92 1429.78 102.921 -95.8828 1588.26 1594.48
55.2065 -88.3851 -452.15 464.003 61.9181 -95.5298 -509.929 522.482
7.44102 -132.74 -293.298 322.023 18.3398 -166.483 -339.749 378.79
19.9396 98.3678 249.414 268.852 15.3539 120.669 293.112 317.351
105.112 -52.3369 348.78 368.015 112.147 -40.9115 280.607 304.944
-3.87009 -108.602 -536.325 547.224 -2.29624 -112.923 -545.47 557.041
28.8032 107.252 170.985 203.884 26.323 109.87 257.217 280.936
-38.0729 -109.065 -476.528 490.33 -64.8813 -105.895 -513.947 528.739
-40.1389 -159.046 273.28 318.73 -41.9432 -160.012 304.124 346.2
10.535 107.529 -72.288 129.996 11.7835 105.106 -72.4602 128.205
-124.621 18.2187 107.881 165.833 -126.687 18.1324 122.159 176.921
-149.503 -33.2427 -640.977 659.021 -149.481 -66.4602 -442.824 472.075
56.985 161.668 1135.49 1148.35 59.8702 164.492 1301.07 1312.8
32.7676 164.934 -838.611 855.304 24.312 187.016 -864.905 885.227
-107.943 -26.5746 1220.09 1225.15 -110.54 -19.1797 983.012 989.393
92.0201 -176.317 -299.606 359.61 87.8668 -203.691 -292.099 366.786
2.90149 100.183 883.198 888.867 -28.2721 90.2243 1170.15 1173.97
-34.4729 -148.384 193.877 246.565 -31.2307 -151.61 209.931 260.829
18.0536 -104.264 866.097 872.537 22.1477 -112.893 976.588 983.341
-68.8621 -91.1187 -687.475 696.897 -76.5319 -86.6901 -673.713 683.565
50.1152 -101.954 42.3465 121.241 51.3362 -103.407 32.0642 119.819
147.353 -71.146 -222.954 276.556 151.569 -76.7804 -229.944 285.907
-106.701 -258.875 741.543 792.646 -111.612 -273.691 697.754 757.776
254.135 -33.4096 -611.208 662.779 261.144 -29.8908 -572.699 630.138
-125.167 -49.393 405.916 427.638 -120.627 -47.8392 475.162 492.563
185.971 -16.6096 287.279 342.623 180.359 -28.6606 422.372 460.162
-102.212 48.1205 -7.7034 113.235 -104.311 48.9442 -14.7831 116.168
87.5586 -84.6047 217.679 249.417 91.1073 -90.0452 239.797 271.866
-87.5359 -71.9356 -157.817 194.277 -94.0516 -78.4704 -167.709 207.677
34.794 -104.907 110.326 156.166 39.8922 -93.6453 79.4901 129.149
77.9686 -88.3139 -117.821 166.614 89.3254 -75.756 -125.541 171.693
11.8214 182.047 924.924 942.743 16.3572 191.297 942.77 962.121
-53.6925 -286.836 -853.552 902.058 -62.9693 -297.132 -903.701 953.377
-91.7101 -60.1987 1482.92 1486.98 -94.5824 -62.9053 1407.34 1411.92
-4.90936 -262.431 -410.35 487.116 -2.94381 -266.06 -461.222 532.468
197.334 251.733 625.373 702.426 200.28 304.592 586.582 690.628
-102.676 57.7462 -724.913 734.422 -110.632 59.788 -822.7 832.255
-62.1282 -81.592 -634.96 643.189 -81.6014 -76.2911 -378.379 394.525
-136.756 -129.506 -109.271 217.748 -141.19 -121.912 -114.926 219.101
-136.029 -53.5708 -59.8354 157.968 -133.984 -52.0635 -89.7775 169.476
56.1842 141.446 248.699 291.573 41.453 128.75 301.75 330.678
-131.781 -48.0096 -284.745 317.413 -131.585 -51.2897 -299.062 330.731
-48.1537 -90.8399 1611.97 1615.24 -97.8903 -81.44 222.769 256.595
102.22 48.7312 198.641 228.652 103.008 51.9261 233.08 260.064
95.081 -46.9167 488.323 499.7 100.7 -52.2897 471.431 484.893
-5.92705 108.647 -116.443 159.368 1.9837 120.075 -183.457 219.268
-81.0663 -89.9787 114.307 166.535 -82.8426 -90.6051 110.224 164.99
114.119 -23.686 377.467 395.051 139.301 -11.0209 496.764 516.044
153.625 -51.2794 -483.842 510.228 137.626 -28.0805 -538.128 556.158
-8.66277 -116.553 -316.326 337.226 -5.65948 -157.955 -447.036 474.155
-99.9468 -28.5872 -44.7701 113.186 -124.729 -37.8225 -55.9315 141.832
-283.173 -101.966 12.7121 301.241 -247.253 -99.1354 -77.1519 277.334
-49.1584 -109.766 -28.9784 123.713 -68.7476 -130.012 3.39735 147.109
-112.392 27.1172 1604.49 1608.65 -143.076 25.5796 1519.07 1526
-151.51 -33.7031 1276.54 1285.94 -150.146 -49.7999 1402.05 1410.95
22.9738 109.254 -202.595 231.32 19.8291 105.351 -126.195 165.582
-6.04483 138.603 161.989 213.279 0.402639 133.275 -9.91811 133.644
-119.318 54.2536 -107.694 169.642 -127.547 61.9282 -94.8274 170.575
-110.049 -110.282 2726.9 2731.34 -115.567 -102.876 2017.34 2023.27
24.095 -99.7974 166.247 195.393 26.8915 -107.125 142.06 179.944
95.9271 -41.3477 481.095 492.305 130.941 -33.6736 788.183 799.695
186.316 88.0841 -749.945 777.747 202.037 90.161 -599.625 639.138
44.4026 -102.58 -103.655 152.442 43.8862 -104.777 -92.9372 146.77
111.931 4.474 -302.428 322.508 119.426 0.182679 -279.01 303.495
62.0016 -101.676 744.663 754.125 60.441 -101.969 817.37 825.921
-31.4689 -150.77 -684.88 701.984 -24.2947 -177.079 -668.734 692.209
93.5972 62.9939 513.055 525.314 106.817 68.1554 558.159 572.36
-30.4358 165.683 -1378.97 1389.22 -51.5403 165.443 -1399.9 1410.58
23.4998 114.167 68.9306 135.417 23.9979 117.041 82.9965 145.475
-25.6689 150.755 31.2398 156.083 -16.6226 172.375 54.1163 181.433
-98.2827 19.7055 -73.1598 124.097 -127.786 5.66326 -39.0426 133.737
77.3335 -87.5896 -6.42232 117.02 81.5874 -91.9641 -10.8426 123.416
66.52 -94.4635 198.402 229.59 68.8107 -102.168 184.672 221.984
-99.6745 55.9557 -103.233 154.023 -102.784 50.6369 -60.2071 129.436
-153.393 -15.292 2064.74 2070.48 -149.835 -11.7514 1982.12 1987.81
-203.072 101.261 182.241 291.039 -206.565 96.619 173.864 286.762
141.047 -35.9404 -147.168 206.989 152.741 -54.7318 -162.353 229.53
98.6003 33.3156 -78.2932 130.237 117.006 39.2721 -49.738 133.066
-175.543 -86.6715 546.97 580.951 -200.106 -82.9004 538.741 580.652
6.3658 129.476 -409.604 429.628 5.5098 130.836 -535.451 551.231
114.315 9.97626 -433.383 448.317 116.787 6.44987 -370.614 388.633
-61.1046 83.8906 -500.354 511.004 -59.6408 85.0093 -476.325 487.513
-148.192 -26.1079 231.81 276.366 -150.8 -26.4675 168.685 227.806
139.193 87.5916 -117.94 202.378 146.569 93.8876 -124.302 213.889
-32.7166 101.361 -946.369 952.344 -32.4827 100.987 -905.009 911.205
131.888 45.1617 110.985 178.19 119.811 41.1657 75.0596 147.252
-67.9378 81.8933 -56.0448 120.263 -72.8537 87.6027 -57.5023 127.626
-39.5772 -106.011 -140.201 180.169 -43.8225 -108.491 -150.806 190.875
206.64 78.5255 -188.787 290.701 214.324 75.1503 -200.371 302.871
-93.1093 -109.077 382.88 408.857 -98.3032 -111.279 397.229 424.073
-81.5332 -144.608 175.784 241.783 -89.3134 -157.29 243.627 303.432
-187.122 -63.6649 9.75124 197.897 -186.182 -63.7761 8.16283 196.971
-39.4413 -157.409 131.332 208.761 -38.8911 -157.367 146.982 218.817
-153.221 -13.6271 -30.4732 156.815 -170.652 -14.986 -68.6867 184.566
89.1478 108.181 -34.7624 144.426 92.9583 110.317 -31.5839 147.677
-41.0117 -209.836 -525.107 566.966 -52.4039 -218.52 -536.535 581.693
56.1115 -166.939 -1066.46 1080.91 55.1739 -166.519 -1061.72 1076.11
-182.607 -21.9441 2357.01 2364.18 -180.698 -28.9831 2554.81 2561.36
-53.8438 85.0427 -170.335 197.852 -68.4708 124.355 -113.979 182.054
34.2355 -113.023 -398.936 416.048 48.139 -117.548 -469.234 486.123
