px(1, true)   py(1, true)   pz(1, true)   E(1, true)  px(2, true)   py(2, true)   pz(2, true)   E(2, true)   px(1)   py(1)   pz(1)   E(1)  px(2)   py(2)   pz(2)   E(2)
-154.396 -31.1917 -344.419 378.728 -153.91 -30.0585 -349.31 383.827
141.557 -67.2413 742.832 759.184 139.686 -65.5789 752.133 768.748
-97.0554 -40.8659 -1449.42 1453.24 -82.5298 -29.7076 -1468.21 1470.87
140.768 -114.542 63.3019 192.205 149.771 -119.245 68.0911 210.507
-59.0618 -118.328 -766.72 778.043 -47.7024 -122.329 -783.035 794.493
-98.147 48.8844 -1.08231 109.653 -130.675 51.021 -54.9155 160.215
43.0996 126.522 233.683 269.209 37.9717 136.055 243.01 283.505
-91.3774 -90.2886 120.726 176.286 -83.0703 -80.4486 105.979 158.346
-75.0085 93.7616 -142.583 186.407 -78.2744 98.8624 -175.33 219.047
38.3004 -134.237 830.779 842.426 42.4094 -149.469 827.082 842.019
47.3904 89.9756 129.29 164.491 52.8738 102.007 166.406 205.438
66.6997 -129.794 223.583 266.992 49.0708 -141.021 227.299 274.086
5.25038 -127.343 120.966 175.717 41.1559 -99.2127 77.3418 133.291
14.7181 99.6117 -283.67 301.011 34.0554 104.073 -342.113 359.478
65.0618 93.4724 -590.966 601.84 66.6335 88.754 -658.731 668.938
79.9051 -61.3887 -321.339 336.767 84.6377 -72.1979 -374.959 393.443
-10.9213 -117.489 2001.94 2005.41 -3.55591 -117.255 1997.42 2001.01
83.9132 54.517 -4.73958 100.18 91.4563 51.6265 -10.4573 111.432
137.035 101.706 -245.457 298.951 85.9902 86.2598 -193.347 230.515
152.55 -24.7098 -788.659 803.657 156.331 -29.0975 -461.975 489.807
104.555 -39.3229 -805.248 812.959 113.161 -45.3144 -1048.1 1055.75
-116.377 -65.641 189.884 232.182 -123.578 -60.574 214.86 259.461
-1.98355 -282.276 238.375 369.468 -7.15566 -286.167 248.192 385.053
-102.288 17.7028 -216.425 240.034 -101.373 18.0923 -195.508 222.283
-59.4648 -206.975 -60.4705 223.677 -80.5648 -192.228 -45.2701 214.923
-26.091 117.514 -1149.57 1155.86 -6.90116 110.964 -1234.7 1239.97
-56.3951 -84.9124 -1857.46 1860.25 -30.08 -57.4338 -1576.28 1577.76
-203.006 151.584 616.713 666.727 -181.896 169.088 623.359 672.963
-59.0594 -106.033 -22.1205 123.371 -64.8179 -103.337 -22.6592 126.878
-98.1487 -53.5933 -374.859 391.183 -96.443 -39.2896 -362.404 377.508
-108.682 -37.6445 -30.1617 118.906 -94.0505 -13.6537 -26.119 100.501
-170.767 -2.39731 -186.112 252.596 -169.404 1.18605 -184.029 260.525
-23.3436 -108.668 1464.03 1468.24 -14.0809 -179.968 1283.59 1296.64
65.3856 -76.0905 131.792 165.633 57.9923 -58.7433 113.469 140.91
60.0755 -119.807 779.681 791.117 54.5968 -56.8005 666.026 670.864
98.6162 -45.3618 330.267 347.648 123.407 -17.0475 380.903 402.365
37.5212 -180.947 -278.229 334.007 35.9578 -153.563 -362.728 402.07
46.1384 -154.153 392.639 424.331 30.8331 -159.89 441.18 474.16
-79.2254 81.4243 1643.72 1647.65 -76.2108 79.333 1641.95 1646.12
-62.2273 78.6909 117.028 154.143 -55.1852 48.0747 99.4798 125.986
81.3514 115.53 172.417 222.919 92.0215 122.186 202.425 254.483
107.188 -41.8412 -827.347 835.31 104.817 -31.9896 -533.082 545.027
-51.2978 -91.4733 582.084 591.457 -53.4222 -94.5293 604.474 614.842
-86.7329 -51.7057 99.9141 142.052 -75.4947 -46.1235 116.231 146.641
-106.952 27.0095 -207.713 235.187 -109.26 30.1513 -255.045 283.945
-123.419 -16.5548 -358.387 379.405 -124.457 -19.7352 -366.702 390.167
-131.799 -9.20065 105.97 169.367 -126.764 7.31352 98.1629 163.172
63.2259 -146.928 36.2649 164.014 77.227 -75.665 37.4477 122.294
28.1001 101.391 945.974 951.807 31.5204 103.355 951.926 958.169
184.77 -30.2613 -103.978 214.166 169.705 3.64879 -131.07 216.675
128.575 204.996 703.437 743.894 135.317 207.093 739.456 782.028
-50.0912 87.8414 85.265 132.27 -40.7837 94.7906 101.807 146.998
-97.0923 47.8335 -477.917 490.02 -107.358 43.5259 -527.327 541.057
131.659 -26.5413 -275.628 306.609 171.808 -18.0873 -347.105 391.505
-51.0236 -261.906 -107.217 287.565 -34.9008 -225.84 -78.8449 244.314
-17.2812 104.348 481.046 492.537 -26.8993 110.655 663.98 675.481
-105.418 29.8469 -200.185 228.206 -141.753 21.494 -326.302 358.588
-108.576 6.45345 -643.257 652.388 -87.1302 12.1041 -421.922 431.328
-6.37771 158.231 -705.749 723.297 73.1808 163.044 -728.977 752.079
88.0517 56.0574 -154.261 186.258 66.6313 51.1575 -135.532 160.566
138.295 -1.98074 -8.01968 138.542 119.055 -1.77287 13.075 122.111
-10.0254 164.606 152.177 224.396 61.8132 132.46 235.32 281.227
-185.387 108.922 11.9559 215.349 -190.334 99.335 14.3819 224.442
-108.447 10.5735 -338.681 355.777 -100.998 18.2477 -297.493 316.071
-100.518 9.80468 843.473 849.497 -116.906 8.77568 952.677 960.329
107.113 17.8329 -315.921 334.062 128.565 31.3285 -296.085 327.652
-182.755 -24.0533 -973.335 990.636 -182.962 -33.7135 -1055.92 1073.46
77.0817 -81.0935 -331.906 350.256 94.6844 -51.5831 -294.383 315.527
71.6692 95.3151 976.608 983.862 70.9903 107.188 949.388 958.439
-67.9705 -107.148 -69.8988 144.867 -57.621 -100.656 -52.9013 130.336
-132.383 80.3751 -26.0348 157.045 -67.9282 51.1706 -54.6987 107.958
114.944 -33.0378 0.415306 119.599 121.384 -37.8427 7.51286 129.019
20.723 -107.763 2.36038 109.763 21.1763 -119.76 -4.94863 128.998
112.639 44.8937 53.1814 132.406 116.362 38.741 49.6638 134.812
167.917 21.9202 -195.083 258.329 178.331 41.254 -196.878 271.349
-130.92 -89.5863 525.798 549.208 -128.21 -86.4106 507.889 532.758
-63.4115 -83.5842 -4.87495 105.029 -24.5626 -49.4042 57.4645 80.716
164.047 -44.7707 -16.5407 170.849 178.972 -49.5953 1.87528 192.955
27.1347 184.458 -108.418 215.675 42.0434 88.5887 -87.6544 133.57
28.8845 658.329 -321.693 733.293 29.1488 642.102 -307.583 716.36
-83.4026 -89.6686 -48.5325 131.726 -83.7852 -90.1511 -49.0258 135.362
44.8615 139.058 -240.458 281.371 59.5019 139.395 -313.572 350.896
-243.286 50.4676 339.768 420.925 -131.812 4.40317 289.879 322.274
49.5119 -120.491 -648.069 661.031 50.43 -127.16 -781.771 794.934
-73.4428 -97.1979 152.66 195.311 -79.4055 -106.071 200.076 246.256
-74.7494 -79.9025 -660.615 669.615 -99.6553 -67.4282 -794.447 804.144
-30.2799 -103.013 -936.884 943.017 -33.0232 -99.4727 -921.761 928.089
-76.2846 -99.53 -689.849 701.154 -60.9581 -84.8231 -418.472 432.022
137.184 239.589 -648.753 705.056 149.301 169.753 -835.202 867.069
53.0584 -121.327 -527.913 544.268 42.0057 -65.7464 -120.308 144.826
-58.2663 106.363 -59.9801 135.299 -50.9411 102.282 -57.5878 129.689
184.386 275.192 744.574 814.936 194.314 277.337 787.92 863.993
27.0939 -119.928 -350.015 370.981 25.6788 -117.747 -341.105 362.23
123.052 130.849 520.822 550.926 108.073 115.452 385.3 418.998
-89.4013 -49.5533 -878.773 884.698 -100.964 -51.0407 -861.578 869.384
-86.9545 -116.278 379.07 405.926 -87.6956 -116.733 399.813 427.242
76.1301 -109.03 43.7027 139.976 71.1834 -116.954 62.6401 158.495
99.0901 52.3654 323.293 342.169 106.274 53.8191 340.518 361.431
40.5513 -146.862 134.713 203.373 21.7562 -174.244 182.893 267.054
45.6586 200.328 209.539 293.466 36.9069 214.934 230.842 324.533
-114.886 -43.0537 1754.39 1758.68 -119.428 -38.0274 1840.55 1844.88
135.953 55.2003 -72.2971 163.576 141.761 50.0703 -70.9506 167.918
-150.185 94.3298 746.271 767.055 -120.467 68.0676 420.235 442.825
-155.411 -64.8853 546.655 572.009 -158.152 -62.0434 558.491 585.265
76.4425 -65.3646 73.2753 124.44 80.3923 -72.0877 51.6005 125.891
-110.975 20.5049 -311.393 331.212 -130.828 31.9711 -305.783 335.986
-104.706 35.6049 -213.481 240.427 -100.357 37.2672 -220.383 246.257
134.57 -23.8644 -36.8846 141.559 96.4894 -37.0738 -52.6467 122.225
34.7794 -186.581 -611.147 639.94 90.4961 -166.45 -683.726 710.44
-187.217 -166.717 -102.583 270.865 -219.987 -160.178 -161.151 327.063
-80.9124 -114.112 -29.8962 143.046 -60.9105 -91.104 35.8668 124.707
-122.093 135.473 495.129 527.648 -162.577 121.937 647.759 681.831
-90.3767 -95.6172 -2907.76 2910.74 -90.195 -102.089 -3465.04 3467.96
140.376 -115.925 426.709 463.923 129.977 -105.396 237.857 296.239
94.8261 234.38 575.558 628.644 81.6273 228.279 602.884 651.257
41.6159 -109.297 -450.144 465.088 53.6554 -87.9277 -333.065 349.528
-78.1894 -77.4776 489.729 501.947 -29.0863 -72.2421 228.296 241.475
-47.7767 131.455 11.2813 140.322 -48.683 132.647 -6.49217 145.406
-108.649 -136.429 139.51 223.339 -81.8642 -85.6105 117.673 169.975
88.7 -49.8541 34.3609 107.396 91.2734 -53.5338 38.526 113.525
-0.527046 133.215 242.188 276.409 -34.7351 121.442 153.128 203.215
-44.0703 151.154 -291.046 330.904 -40.3363 152.003 -295.733 339.122
85.1236 -123.5 212.177 259.841 85.1038 -127.677 234.771 282.501
98.3126 -51.2462 -420.408 434.781 96.5935 -57.0492 -429.006 443.954
-31.1354 -107.264 -21.3297 113.709 -33.4006 -113.272 -46.1664 132.833
124.518 -123.802 30.6292 178.241 122.219 -121.8 26.4912 179.302
-42.7451 126.968 284.636 314.588 -57.5614 113.897 178.981 223.951
124.666 7.6295 -324.1 347.333 83.4452 -6.12371 -275.78 288.464
145.788 -95.1681 648.071 671.049 143.486 -108.071 715.824 738.808
92.6381 40.4764 -184.661 210.522 41.9115 48.8749 -164.406 177.243
-58.9334 -121.861 140.02 194.754 -90.3722 -130.089 190.236 252.581
27.0001 -109.697 -574.499 585.501 2.28386 -57.1014 -223.297 230.943
9.68262 -104.038 -143.001 177.107 18.8411 -114.718 -159.835 202.78
126.766 -35.8869 -256.696 288.531 126.555 -37.4104 -268.644 308.162
-85.1537 -65.0738 -1652.03 1655.5 -66.6327 -68.864 -1300.28 1303.99
-129.824 -50.0664 -509.05 527.724 -63.6754 21.0182 -19.5861 74.6193
-63.6917 -82.0882 3867.16 3868.56 -61.4855 -82.1171 4040.94 4042.48
142.473 60.9074 -8.39741 155.174 67.6005 26.8372 -88.2771 115.24
186.486 -143.797 422.573 483.759 193.914 -147.749 407.088 476.153
-38.9017 -227.667 101.971 252.475 -40.6852 -226.767 99.5065 257.488
137.235 116.742 578.495 605.903 72.9666 95.9041 700.804 713.201
-134.204 -18.2961 24.9068 137.717 -146.129 -27.7603 71.5757 175.029
-179.095 29.9433 -84.8729 200.437 -167.685 35.7173 -86.6734 196.223
101.406 -60.5513 -206.915 238.251 100.86 -46.5126 -241.861 269.509
64.9184 136.806 -826.509 840.267 37.0777 147.114 -931.502 944.284
6.50829 -188.39 23.2416 189.929 3.11714 -201.835 4.5256 209.12
96.8845 102.153 -46.9 148.396 98.0144 113.017 -74.5237 180.377
-93.1421 105.841 50.7271 149.837 -113.831 135.804 -44.9685 199.76
-104.163 -9.24386 -602.893 611.895 -101.233 -6.94495 -635.674 644.949
-60.1156 92.7538 -9.42916 110.933 -58.1499 96.8613 -10.4283 114.854
98.1535 38.2302 1589.74 1593.22 127.142 19.8333 1755.05 1760.51
31.9262 101.104 -236.565 259.238 27.1769 89.8977 -135.735 166.2
22.5442 231.8 674.883 713.937 32.0347 215.868 622.284 659.878
9.00559 137.912 -322.753 351.099 13.5343 123.482 -331.273 354.354
131.746 153.523 30.4707 204.585 127.99 157.452 31.386 207.372
53.5216 91.9059 -75.2009 130.255 56.0348 88.9432 -73.3933 130.398
-24.3924 114.205 -105.062 157.085 -33.0238 124.36 -116.451 182.001
96.2196 27.2373 -131.043 164.84 143.565 -9.01545 -207.575 257.084
-3.57375 257.032 1289.11 1314.49 -82.5441 158.179 465.434 499.91
35.2077 -113.361 430.405 446.474 52.1382 -144.385 412.476 442.902
80.0644 -81.8641 -1839.5 1843.06 79.4126 -81.5949 -1880.62 1884.54
-29.4109 172.009 73.5205 189.36 -32.1136 179.913 138.043 230.31
-117.121 137.258 -1522.21 1532.87 -125.443 74.575 -2036.47 2042.32
103.382 152.907 339.296 386.251 138.232 118.669 367.757 412.358
94.8102 35.7537 -1137.26 1141.77 96.7909 38.0166 -1167.76 1173.17
-159.401 172.223 -525.366 575.395 -143.715 226.438 -795.271 847.145
82.551 61.4594 4.0522 102.997 96.9192 79.5475 37.6268 143.416
175.674 4.86205 31.4916 178.54 159.936 4.83359 63.6525 176.984
499.344 167.052 -2507.22 2561.92 490.748 160.553 -2548.14 2602.2
55.8861 107.98 405.016 422.873 57.928 106.606 412.191 430.281
106.049 -15.5589 -221.45 246.026 90.85 4.65103 -267.954 283.968
109.168 20.4751 -247.597 271.368 116.718 13.5227 -259.363 285.386
-68.423 -114.798 -68.7681 150.298 -77.8176 -104.742 -46.4597 142.225
-16.1456 124.361 1361.42 1367.18 -30.129 79.7274 638.307 644.98
-241.244 -38.4038 -309.78 394.509 -240.05 -40.7704 -281.701 377.263
124.608 -63.0784 -785.687 798.004 124.351 -39.6032 -817.093 828.419
46.9093 -97.281 182.015 211.645 45.4706 -99.5011 194.016 224.836
-95.5124 -90.2047 653.353 666.431 -94.5829 -90.2566 641.635 655.272
109.303 112.476 164.116 227.007 93.5854 102.276 127.25 190.952
18.5422 227.04 -1507.34 1524.46 35.9453 223.935 -1515.35 1532.49
112.792 160.501 54.014 203.471 96.0095 161.013 38.5066 195.926
-99.9996 -105.868 39.2472 150.826 -102.113 -106.583 36.358 155.179
-110.895 -72.373 66.979 148.397 -100.167 -61.2925 58.3178 136.115
76.8025 -113.598 360.845 386.021 76.8894 -110.117 357.264 386.907
114.315 -38.4108 1111.7 1118.22 124.616 -27.9885 1261.5 1268.21
0.700777 134.265 14.3889 135.036 -4.65782 123.113 11.5096 127.015
-61.1937 -81.405 1527.96 1531.35 -43.3348 -90.5356 1532.02 1535.61
-76.8968 -153.877 -404.452 439.515 -76.2581 -157.582 -426.135 462.852
88.5975 60.9724 -975.431 981.342 103.337 82.4541 -1104.14 1113.43
83.3835 -90.3918 -127.569 177.193 59.0498 -32.1658 -128.189 145.906
-106.224 -32.5325 502.51 514.644 -110.464 -30.3864 540.02 552.756
137.088 -96.7363 497.112 524.663 159.537 -116.188 811.189 836.828
-103.089 96.3413 63.0414 154.542 -100.844 90.3517 69.8978 154.533
137.623 -67.0928 60.453 164.609 139.594 -68.2759 58.4577 169.286
4.85898 -153.103 -12.1867 153.665 6.16415 -159.231 -25.1369 166.501
-129.82 15.6349 458.919 477.183 -190.399 67.9637 476.299 518.325
12.2516 102.723 12.875 104.249 25.0553 110.684 10.0314 117.537
139.788 2.36857 39.881 145.385 178.955 4.60276 80.6266 202.904
59.0289 101.369 -1682.81 1686.89 39.8898 160.507 -1727.89 1736.24
250.307 186.649 278.649 418.493 241.791 197.01 290.422 427.6
83.343 -61.8685 48.2715 114.472 91.5417 -69.6946 43.6842 129.33
-236.035 85.595 1597.18 1616.79 -212.61 70.1618 1619.02 1634.8
115.502 -20.0519 -74.1465 138.71 115.303 -0.662116 -124.89 172.986
-125.46 -138.393 -34.1187 189.887 -100.757 -142.672 -35.8463 181.079
-127.252 -9.11171 -213.038 248.317 -126.583 3.81661 -274.543 304.972
-181.794 -52.4755 -117.384 222.67 -196.156 -39.461 -115.542 235.063
-54.1029 -93.7039 1810.79 1814.02 -46.0886 -101.069 1827.46 1831.44
-104.784 43.0381 -608.735 619.185 -111.804 42.7988 -712.093 722.402
-43.8229 112.532 168.47 207.283 -56.8613 117.197 171.806 221.365
42.8825 178.804 11.2706 184.22 -55.8631 192.937 14.2798 205.773
36.948 103.23 520.692 532.11 43.3436 99.3764 448.444 461.623
74.7804 75.7785 7.55944 106.732 78.4162 79.1628 7.25386 119.754
21.9213 99.3537 -158.723 188.533 22.5921 98.3115 -158.524 189.801
-105.852 65.2288 1587.25 1592.12 -123.859 92.0217 1495.8 1504.53
180.391 104.736 209.113 295.362 156.514 145.883 247.454 332.533
46.2248 -121.517 -3.91033 130.071 36.7591 -103.464 -11.8603 117.358
-11.6738 -103.248 -51.5248 115.98 -6.103 -103.929 -67.5701 126.311
-185.628 95.0817 31.3479 210.905 -185.553 99.2921 32.4285 219.586
85.1927 61.206 -305.725 323.221 101.241 67.2516 -256.009 288.017
-232.953 -79.6412 -1034.15 1063.05 -201.744 -56.8048 -781.001 810.802
-83.6744 -66.2547 573.035 582.889 -86.7273 -63.9261 573.043 583.518
-32.0444 -174.939 -22.1808 179.228 -20.6712 -206.732 -21.1905 218.993
-17.1301 116.103 50.6556 127.825 -28.7458 121.924 62.1014 143.847
-134.953 -7.07818 155.658 206.136 -140.884 -4.63729 155.858 212.246
-95.1855 55.0221 61.6099 126.03 -74.8715 72.5069 53.7646 120.304
-498.343 104.401 769.088 922.357 -499.491 105.05 758.954 916.082
7.0591 -104.531 83.2607 133.824 -38.1144 -122.919 133.026 187.28
-62.2585 93.4412 348.105 365.765 -61.2762 76.5949 316.302 332.204
194.488 -125.086 184.731 295.969 155.278 -141.019 166.064 269.069
168.752 38.2255 378.624 416.287 158.069 11.789 296.282 339.49
-11.4108 180.763 187.583 260.754 -11.2148 178.88 193.465 267.967
-69.9039 -79.4803 177.967 207.065 -113.53 -74.1267 256.823 293.088
84.1978 -59.0198 -801.739 808.306 84.1411 -60.6551 -861.424 867.953
-3.71703 104.448 3359.04 3360.67 -9.59755 98.761 3007.06 3008.85
10.352 -178.486 47.3043 184.938 -8.73418 -162.324 -87.6192 192.396
-90.3605 48.2967 36.4334 108.743 -113.981 18.6976 74.3484 141.846
8.77966 114.582 -63.8073 131.444 20.527 115.144 -73.7549 143.479
119.744 52.3738 -377.626 399.603 122.695 48.4798 -415.665 437.042
27.7495 135.566 -465.343 485.481 37.4242 151.106 -541.525 566.394
21.8658 108.069 398.306 413.285 24.667 98.6415 379.929 393.737
-102.372 -0.54911 -9.44011 102.807 -105.334 -27.6284 -0.367192 116.984
19.1032 -206.043 -2137.03 2147.03 -11.2445 -181.77 -1551.45 1562.73
-142.159 31.3043 119.914 188.596 -128.924 22.306 117.611 180.541
23.9602 -146.667 488.302 510.416 20.0786 -124.335 522.037 538.292
-99.4109 91.9921 32.9812 139.402 -93.7188 86.7035 15.2978 130.477
201.654 -203.732 231.92 368.725 201.85 -189.06 213.667 362.12
-152.442 -49.9901 -159.549 226.26 -154.467 -44.9658 -163.95 230.195
-229.713 73.81 7.32001 241.391 -201.11 77.6895 -13.7498 219.6
84.6552 163.311 3107.55 3112.99 80.4082 143.262 2403.57 2409.23
61.5754 -122.515 -167.159 216.202 106.298 -144.357 -164.721 244.827
-107.74 -74.4798 127.083 182.497 -109.68 -88.39 61.9892 168.333
-9.29538 -103.157 17.4353 105.032 -39.4201 -117.499 6.67371 126.821
-125.684 39.9838 -442.197 461.447 -131.01 43.4624 -485.672 505.833
141.956 5.84583 -208.531 252.331 104.224 40.3327 -117.887 164.492
-90.9573 -108.945 -892.076 903.295 -59.1264 -97.3237 -1101.44 1107.94
-104.843 52.7199 410.64 427.079 -101.711 49.4294 383.287 400.235
100.698 17.2698 -109.904 150.058 51.641 -17.6348 -53.2954 77.0972
103.182 -85.8888 353.995 378.597 105.004 -93.8836 375.306 402.312
119.139 39.4217 -650.463 662.458 115.025 35.0854 -611.778 623.925
-136.04 -30.1047 366.137 391.752 -151.53 -9.76625 408.487 437.039
-100.872 22.8113 23.1569 105.98 -120.256 23.1018 51.1326 139.511
33.1563 142.619 -148.516 208.558 43.9057 195.372 -292.184 358.78
24.1239 117.912 -91.7033 151.31 13.784 109.003 -91.0623 144.768
-12.1651 -103.376 -17.8934 105.616 -22.4686 -130.161 32.7018 143.769
-201.31 40.17 -118.504 237.029 -211.133 42.6232 -106.499 244.634
-45.3608 -219.243 -1555 1571.03 -35.6703 -230.889 -1418.83 1438.55
-179.411 -31.768 -44.7419 187.615 -178.22 -20.8515 -49.6711 191.773
-59.0288 95.3428 215.992 243.366 -81.3779 116.972 418.963 443.578
-142.675 96.3047 -10.3444 172.446 -164.07 96.0403 -24.6338 197.066
-61.451 -79.2232 139.332 171.657 -35.6229 -65.8886 154.522 174.416
-39.8675 -100.125 876.665 883.264 -27.3386 -72.4807 248.665 261.295
96.9275 -54.7738 -264.043 286.555 98.737 -58.9143 -270.575 294.776
26.639 134.199 2392.99 2396.89 2.87763 81.5687 755.24 759.893
160.484 -21.4522 -206.012 262.024 162.797 -26.6513 -194.25 257.821
70.2746 73.847 453.33 464.651 75.6509 62.019 661.237 669.394
101.001 59.3472 -249.024 275.202 66.9212 60.2682 -194.129 215.027
76.5017 -96.7014 -1702.3 1706.76 63.6404 -94.6405 -1588.5 1592.89
-175.394 -125.291 -569.453 608.882 -194.849 -134.381 -586.722 636.21
116.887 23.7947 1098.14 1104.6 126.123 39.2084 1322.52 1329.39
-62.4956 -108.201 -249.124 278.704 -67.4694 -108.739 -266.618 297.786
120.539 8.56201 962.124 969.683 108.172 -15.3336 728.118 737.018
157.169 -136.09 -322.124 383.389 58.6284 -61.3407 -210.477 228.398
-86.8292 154.694 -82.5028 195.643 -48.0341 123.441 -101.946 175.386
140.574 32.3593 478.484 499.755 151.939 20.933 492.149 518.54
81.1024 94.1798 251.596 280.621 80.1715 95.368 242.788 273.515
132.128 121.286 7.07449 179.494 122.793 136.545 17.2336 187.694
71.6846 304.742 -21.7966 313.818 -51.6059 241.639 -49.0716 263.595
-99.4981 -46.3494 1229.75 1234.64 -91.2167 -57.3699 1122.9 1128.46
-38.8323 108.734 -739.109 748.073 158.923 -53.6577 274.592 324.314
57.3805 -144.603 -1132.02 1142.66 55.8943 -141.107 -1199.42 1210.18
84.0331 -68.1424 129.989 169.121 81.658 -70.5363 132.001 172.072
-52.4791 90.9243 -149.254 182.478 -55.6042 90.3499 -161.563 194.88
-120.298 64.0285 1219.47 1227.06 -117.953 72.3118 1139.37 1148.13
142.577 11.2038 83.8745 165.797 185.06 -16.0724 164.409 251.694
70.9398 71.3649 84.8711 131.638 71.6844 71.1367 84.0741 133.539
-55.9725 -125.467 -422.583 444.355 -58.8036 -128.364 -463.599 485.415
-165.632 -109.256 -173.379 263.498 -138.3 -67.2077 -135.087 207.975
95.2223 39.4513 170.5 199.233 94.8554 55.3222 225.706 256.473
-41.9673 -107.27 1061.08 1067.32 -44.7586 -108.405 1094.83 1101.42
34.2716 95.4723 211.94 234.964 16.4642 92.3045 223.441 242.896
-52.3762 -158.725 578.339 602.007 -53.1542 -171.9 627.279 654.065
-189.854 -152.462 -393.755 462.96 -170.533 -112.187 -442.691 490.485
-65.3017 95.1586 697.587 707.07 -97.0388 141.036 1257.87 1270
-142.899 41.26 -671.704 687.974 -152.103 49.6209 -759.498 778.504
86.0023 -110.162 34.2128 143.884 77.6022 -111.334 29.2954 140.817
130.398 -49.2064 296.454 327.582 126.264 -58.934 325.667 357.214
123.034 -25.9939 -16.1563 126.783 116.129 -21.2658 -2.54869 119.286
-97.6857 229.121 924.148 957.125 -95.8812 219.244 992.733 1023.45
10.5441 102.811 -301.691 318.902 22.8174 94.0479 -288.546 305.94
64.3108 -82.4806 65.4842 123.398 73.225 -79.2194 94.4897 146.371
-35.9208 -103.703 -644.799 654.072 -36.416 -106.243 -699.549 709.291
79.8784 -150.694 -190.729 255.864 68.6082 -159.182 -197.532 265.053
-268.219 -279.486 72.7925 394.148 -245.158 -248.7 28.8837 352.35
66.6904 -77.992 -681.753 689.432 64.6643 -80.3032 -704.227 711.972
155.038 -14.2136 -247.682 292.549 177.144 40.7581 -238.454 303.854
-154.998 69.7276 86.0011 190.48 -146.829 65.9729 93.0649 189.501
62.2628 86.8845 -176.896 206.683 62.5578 88.7459 -181.102 212.047
-96.2512 -31.7991 493.887 504.182 -98.3211 -24.7278 510.096 520.253
-63.3991 -83.2828 671.173 679.285 -49.1871 -95.9547 695.759 704.681
-133.517 -8.47453 -395.265 417.292 -144.23 -3.78879 -815.628 829.177
81.1777 59.4282 43.1626 109.474 88.9621 62.0439 51.5431 124.245
33.2653 -101.07 -149.374 183.397 37.1344 -99.8615 -146.887 185.987
-132.583 20.7279 -185.668 229.086 -165.856 47.3358 -224.277 286.878
-121.298 12.9862 1410.51 1415.78 -117.721 10.2025 1387.94 1393.21
-67.1564 87.2906 -147.984 184.469 -62.086 83.6306 -141.786 177.652
-73.0138 91.3796 1791.49 1795.3 -68.5316 101.886 2005.12 2009.24
-106.589 45.1454 -1462.92 1467.49 -109.214 46.8374 -1610.33 1615.21
9.2908 123.081 73.2602 143.535 18.7336 98.3915 26.7659 107.964
0.73315 103.3 -145.108 178.123 0.17726 103.002 -159.839 193.581
22.8715 -131.074 1616.74 1622.21 23.4551 -126.818 1606.24 1611.72
108.071 -50.2447 1939.23 1942.89 108.181 -51.8904 2058.29 2062.1
-100.747 58.5799 184.386 218.128 -88.1004 63.2882 191.232 221.118
-95.4814 -32.6575 908.186 913.775 -85.1441 -31.3335 939.261 943.891
2.23974 131.367 -347.486 371.495 1.29813 137.596 -370.441 397.013
78.021 -106.554 40.0602 138.007 20.9289 -135.676 57.8241 155.791
118.837 34.2232 -1009.5 1017.05 102.618 21.8502 -787.364 794.755
-109.983 24.1482 -288.195 309.412 -88.0599 15.4936 -195.964 216.031
130.022 23.494 -314.098 340.756 111.823 45.5512 -330.198 352.359
-83.8397 -121.562 274.632 311.816 -102.279 -129.787 702.871 723.599
37.8419 106.79 55.3804 126.108 51.5715 108.689 59.1794 135.965
-55.5393 -132.948 -398.934 424.156 -58.648 -134.235 -405.416 432.532
-66.8698 -122.799 231.832 270.735 -69.5661 -131.269 243.845 287.055
-138.056 70.3007 -308.987 345.651 -115.077 41.8428 -182.989 221.042
309.082 -11.3212 -427.447 527.608 298.124 -10.7611 -424.512 520.48
31.9572 -205.078 853.731 878.599 39.0856 -204.339 825.101 852.985
-30.5197 143.836 -41.06 152.663 -37.7808 156.429 -70.3603 181.514
-35.5813 175.371 53.393 186.74 -26.2998 167.166 57.2638 183.014
150.5 90.1244 -112.982 208.657 149.359 90.1869 -119.328 213.825
-203.927 -59.6238 951.75 975.177 -136.608 -81.3451 642.778 663.935
51.733 119.242 518.129 534.184 68.2 175.049 517.022 554.18
75.3699 152.457 -1479 1488.74 97.9834 168.05 -1944.77 1955.12
-108.659 13.1458 8.79069 109.804 -114.11 -16.6117 18.7318 121.813
-112.707 -195.916 153.299 273.106 -151.333 -220.868 109.363 298.651
-45.9188 90.7086 -243.24 263.632 -57.8499 59.0426 -185.981 204.127
45.017 -94.1141 -18.764 106 65.5441 -98.1248 -33.54 125.443
140.514 13.6643 -271.402 305.925 150.538 45.4562 -267.365 316.75
-91.3319 89.6224 -263.976 293.354 -92.3712 88.0293 -230.945 266.652
-14.6362 135.246 307.777 336.501 -18.065 141.128 342.358 373.359
89.6508 59.1549 677.282 685.746 83.5559 56.7983 694.321 701.962
199.332 49.5157 -530.666 569.027 213.565 59.85 -509.88 560.073
-109.447 -19.2367 3.84683 111.191 -105.578 -18.4535 -4.00465 109.34
81.7459 -59.9281 -1424.1 1427.7 72.4669 -59.9226 -1233.77 1237.75
-108.931 -6.48095 397.203 411.92 -110.478 -26.4137 470.424 485.229
-73.0722 -184.75 193.157 277.095 -70.9001 -201.29 218.195 307.923
133.071 -46.3231 -199.447 244.198 95.9492 -14.4285 -69.4383 127.107
109.126 69.0445 356.215 378.899 110.397 34.0542 352.7 373.689
-50.5036 132.488 470.783 491.671 -120.837 143.188 704.996 731.446
-123.685 84.8083 390.382 418.197 -86.1645 101.552 269.668 308.593
97.321 60.8933 2058.5 2061.7 67.7253 60.3062 692.349 698.664
65.0329 121.041 239.592 276.196 69.6906 127.577 285.589 323.621
-93.3739 -45.7142 179.851 207.738 -101.074 -50.865 221.482 251.845
107.796 54.672 -612.562 624.373 104.962 72.1392 -657.941 671.025
-96.2857 -50.0569 -21.7028 110.669 -126.193 -43.1873 -74.8458 154.867
-173.755 -125.842 -282.616 354.822 -179.968 -129.659 -294.893 373.024
104.288 44.925 298.407 319.282 83.4873 42.54 284.964 301.411
-92.6999 111.203 256.281 294.346 -72.2929 113.017 243.506 279.939
-184.053 42.7863 104.811 216.082 -168.95 33.9588 103.339 203.881
-91.0158 66.1894 -1442.99 1447.38 -102.532 81.0313 -1526.8 1532.91
141.075 -5.37679 487.302 507.341 140.725 -1.16718 488.838 510.085
140.015 -11.3931 -770.458 783.16 138.031 -17.5668 -765.012 777.878
-78.2907 69.487 -61.574 121.446 -74.1234 74.6875 -62.9779 127.5
-107.385 9.36762 -42.7618 115.965 -110.855 31.4906 -32.5086 122.316
28.9186 120.252 -46.1501 132.011 31.5309 110.387 -38.481 124.59
101.424 11.3246 -66.3103 121.705 101.836 10.4907 -61.5351 123.455
89.3134 118.541 -350.62 380.74 82.417 128.594 -753.09 768.875
-43.6671 107.113 -165.11 201.597 -14.4538 123.08 -150.158 197.83
202.145 -141.931 37.1808 249.778 196.606 -140.932 64.536 269.878
-132.681 -3.57298 143.934 195.791 -64.0578 -88.3466 355.765 373.128
-94.7108 44.3621 22.3645 106.95 -77.4273 53.502 0.650988 95.7173
-101.915 -33.6458 -285.833 305.318 -71.8232 -21.7563 -168.451 185.197
-112.754 5.75382 -1508.54 1512.76 -108.908 3.12153 -1429.07 1433.46
-44.198 -98.7314 -583.453 593.396 -52.7658 -96.3586 -535.131 546.65
-127.729 -81.473 153.637 215.77 -128.865 -78.3966 154.305 217.839
47.5459 -99.2597 -962.951 969.22 102.251 -32.3598 49.6907 123.08
-114.814 -4.99334 316.008 336.257 -112.747 9.21837 341.118 360.582
10.3432 119.273 -35.5269 124.881 24.5089 125.499 6.72596 134.855
-210.097 -235.425 -484.637 578.307 -192.887 -188.42 -469.153 545.775
-109.957 66.7013 466.162 483.577 -85.3121 51.6938 424.59 436.66
31.9597 -102.26 84.202 136.266 33.7589 -105 107.423 155.934
-110.098 7.90874 54.5763 123.137 -82.1396 13.9265 84.3954 120.11
-108.097 17.1564 373.669 389.369 -107.553 17.6899 379.17 394.975
-84.8196 52.9867 -223.44 244.801 -45.4178 107.326 -180.518 217.471
-100.857 -116.29 -134.13 204.173 -116.951 -126.381 -126.516 223.388
-55.8031 128.012 479.102 499.039 -57.3773 129.106 441.191 464.62
-54.6063 -84.3072 -240.378 260.521 -53.9268 -84.0587 -244.115 264.372
-93.7487 -74.4451 -66.315 136.852 -91.6451 -72.2537 -67.0803 140.807
129.056 -18.6657 173.578 217.102 79.766 -34.0541 73.641 116.453
-41.6254 -116.386 -57.9066 136.497 -33.8435 -116.116 -56.411 136.054
69.3521 -86.1516 -1102.43 1107.96 74.6078 -82.7983 -1146.14 1152.18
-64.686 -128.015 98.187 173.819 -72.2648 -126.584 94.523 176.522
273.058 29.0744 -472.604 546.59 264.496 38.483 -482.015 553.739
-19.927 -101.21 43.9309 112.118 -21.2486 -108.261 46.0107 126.815
103.186 -20.4305 1045.43 1050.7 44.3499 -47.9508 815.051 818.051
71.2001 79.5583 -227.965 251.728 102.331 103.609 -191.819 242.733
137.088 -146.911 66.0323 211.509 146.567 -149.791 71.2681 230.441
113.736 89.5272 566.741 584.932 108.519 91.1736 560.182 578.361
23.164 -277.944 -1465.2 1491.51 17.1752 -273.864 -1515.38 1541.49
-83.4601 194.515 365.377 422.258 -81.1437 188.134 365.362 419.865
121.419 13.8447 752.519 762.377 78.639 -11.8685 576.076 581.774
141.315 -57.1022 243.926 287.629 139.869 -47.7932 227.979 278.49
149.918 -109.701 -99.8923 210.923 131.151 -84.9809 -68.1002 173.744
-31.002 -111.237 670.668 680.537 -28.15 -107.514 682.771 692.967
72.8097 86.0209 59.8221 127.591 72.3525 101.282 90.8969 160.13
-118.315 -14.0291 401.849 419.139 -76.1086 -30.5682 286.099 298.628
75.8319 90.4565 -316.067 337.389 80.7851 92.3719 -358.486 380.513
-95.1467 -79.7836 -521.871 536.44 -109.126 -97.184 -717.45 734.386
117.63 -4.2213 60.5196 132.352 145.922 -3.39516 140.253 205.544
50.6739 -121.994 -552.961 568.521 52.6477 -127.645 -656.73 671.511
-57.8814 -120.152 -1867.78 1872.53 -48.3514 -127.038 -2017.73 2022.53
20.5675 102.909 -204.486 229.843 28.9723 100.129 -223.311 248.209
-152.606 -303.835 2186.3 2212.58 -155.481 -313.895 2230.55 2258.57
-133.439 49.2681 -216.251 258.84 -142.675 44.6984 -256.727 300.31
58.7712 81.2453 -101.725 142.838 82.0383 116.558 -236.55 278.201
89.4239 -49.2949 1.50229 102.122 89.5202 50.0642 229.217 251.731
-66.7013 -103.425 -574.753 587.781 -77.8078 -94.2384 -638.358 650.314
-70.9232 114.276 1907.58 1912.32 -73.3619 107.877 1915.46 1920.07
115.229 -129.457 2079.8 2087.01 115.941 -127.555 2082.67 2090.11
86.6312 74.4641 72.1697 135.123 84.7446 70.6556 90.1503 144.7
40.7312 -157.975 -105.049 194.037 52.3284 -163.366 -141.395 235.616
120.182 56.9005 371.717 394.785 -17.2547 -102.741 74.7089 133.995
38.97 -106.79 591.991 602.807 21.343 -96.828 454.459 465.688
-31.1873 140.261 1114.68 1123.9 -29.5944 134.768 1100.52 1109.65
34.6953 140.016 -2351.87 2356.29 46.7979 141.48 -2468.35 2473
-79.707 111.039 971.18 980.752 -103.811 88.3396 1034.12 1043.69
105.77 35.4054 25.8687 114.499 101.897 36.3106 33.5095 116.348
178.399 37.7494 -1238.54 1251.89 183.608 31.729 -1202.81 1217.69
-80.7669 102.701 -686.439 698.762 -44.8813 101.608 -522.412 535.653
-52.2936 -111.319 1757.75 1762.05 -56.132 -110.707 1690.55 1695.21
-66.5982 97.2079 -476.611 490.961 -63.1646 96.6513 -443.074 458.423
107.702 0.325145 -194.011 221.901 100.533 -2.55401 -191.269 217.776
-59.9775 101.539 -846.253 854.43 -47.1344 103.823 -566.567 579.074
-112.409 -134.429 -107.7 205.684 -124.041 -143.712 -134.355 239.797
-104.232 8.35265 626.125 634.797 -110.198 15.617 684.972 694.882
51.1456 138.147 -477.469 499.677 47.9115 135.994 -471.269 493.549
-117.355 -119.832 181.853 247.391 -102.689 -145.389 218.201 287.998
-68.9396 96.9663 -230.351 259.262 -51.3028 97.2875 -285.582 306.892
120.715 60.4063 370.432 394.26 109.997 88.613 428.93 453.788
164.854 67.0261 909.696 926.939 138.525 55.3596 690.696 707.008
134.057 -141.812 18.9022 196.059 134.102 -161.832 5.13845 213.703
-215.179 -7.43824 694.763 727.361 -221.382 2.55094 702.564 738.186
97.6713 -27.8112 -56.8476 116.382 86.3676 -36.0817 -78.0905 125.91
48.2641 116.521 726.182 737.053 44.9975 132.885 843.83 855.678
-106.158 13.1721 229.561 253.261 -101.269 -1.48642 234.304 256.571
24.0336 -100.522 223.654 246.38 25.4887 -104.714 218.193 244.195
134.498 30.6457 527.911 545.636 137.42 30.562 537.195 557.371
108.514 -19.6462 -248.946 272.278 141.631 -28.614 -394.703 421.648
-123.396 67.2675 127.417 189.701 -128.472 73.1631 165.354 226.524
-136.49 52.4971 4.74839 146.315 -133.693 47.7077 13.0189 144.781
96.6045 -57.3961 -4.84252 112.473 80.5544 -68.1117 24.385 109.529
104.162 69.1802 -395.928 415.204 114.772 66.4167 -425.228 446.368
-110.517 33.8043 799.643 807.951 -140.128 -2.18825 1298.58 1307.18
74.6409 107.153 1055.62 1063.67 78.4264 116.759 1203.58 1213.07
85.7702 -98.7356 -381.267 403.076 113.99 -122.812 -474.742 506.232
68.8894 80.5418 -441.509 454.051 71.9753 82.5443 -492.404 504.832
-28.2166 108.515 104.231 153.087 -33.0067 100.03 104.679 149.951
107.748 28.386 457.808 471.173 86.2737 54.6006 298.692 316.412
23.8653 -139.703 -633.225 648.892 34.6439 -114.72 -627.199 640.738
-224.472 140.444 1560.9 1583.2 -22.6573 175.034 568.359 598.803
2.87943 -123.074 214.908 247.671 2.12401 -107.542 203.239 231.561
88.3977 71.1974 -536.642 548.514 87.2191 65.0959 -579.139 589.875
-100.16 46.4145 -412.86 427.364 -82.0152 8.53515 -526.351 533.509
-81.9886 -129.706 334.667 368.168 -76.4151 -129.204 346.958 380.015
-39.7082 -124.203 -57.7126 142.597 -47.2725 -126.36 -68.8924 158.565
-99.4038 42.0141 -414.373 428.196 -68.0339 31.6373 -450.882 458.392
104.75 59.0947 126.948 174.873 107.144 48.9791 146.603 190.768
-0.0902289 -127.172 -73.9115 147.091 -6.43932 -128.478 -75.2203 150.851
77.6272 87.9949 -601.797 613.13 65.8433 29.6356 -570.013 575.432
112.138 -21.6146 646.946 656.949 68.383 4.53334 305.575 313.496
67.3898 -77.2383 -156.714 187.26 58.4531 -84.8052 -305.74 326.338
-61.2206 -126.012 -433.657 455.725 -90.1813 -194.861 -379.327 442.418
-143.761 -19.5613 55.3115 155.272 -127.651 -11.4778 43.7164 140.958
-91.0797 -45.6798 -16.9835 103.299 -106.197 -66.2901 -57.4254 147.457
-90.823 -71.7109 -391.212 407.968 -96.3347 -75.8095 -430.309 448.454
92.3307 -67.3663 -30.728 118.353 80.4435 -76.583 -45.2974 123.811
-42.008 -117.375 322.376 345.642 -48.5392 -113.568 285.722 312.398
-102.116 40.3933 -153.585 188.806 -71.4508 -11.9633 -47.4314 89.5573
-65.4796 164.101 -1746.21 1755.13 -66.747 157.76 -1588.54 1598.08
-72.3656 -97.4532 825.999 834.87 -59.6952 -27.0042 256.483 266.244
63.8615 -90.6501 -136.222 175.648 61.4931 -92.4352 -158.595 194.635
171.102 -139.349 1052.85 1075.73 172.579 -144.105 1118.4 1141.67
-110.001 -84.9629 710.084 723.559 -113.163 -82.6309 683.02 698.149
-92.9717 -81.9057 200.977 236.102 -102.234 -76.0416 196.47 236.942
44.1858 -103.24 -157.262 193.242 50.3787 -106.905 -187.085 222.628
149.933 65.4644 1188.05 1199.26 152.888 74.8279 1390.33 1400.98
-286.612 184.694 -1513.78 1551.7 -280.339 177.212 -1449.28 1487.06
74.371 -118.299 84.3153 163.202 60.4259 -107.876 103.888 165.771
134.424 25.9355 -64.5836 151.372 81.0589 -2.20035 -122.818 150.027
107.96 14.9897 -5.09453 109.114 127.011 11.9941 7.87908 130.464
38.2964 -104.027 -31.6605 115.285 1.35837 -98.2893 -35.2154 105.41
101.468 41.8279 -25.8523 112.755 104.597 28.09 -30.2037 117.951
76.9812 -66.8583 69.5281 123.411 60.1754 -69.3872 53.3789 108.498
36.9723 170.721 -94.9349 198.809 -22.3997 117.389 -130.143 177.341
-143.491 -15.8846 869.977 881.874 -139.94 -16.434 1038.24 1048.12
96.5166 -29.3254 -717.238 724.297 106.959 -32.9391 -887.824 895.59
132.406 -77.9713 277.051 316.809 220.618 -86.7296 520.593 576.326
59.0596 80.7684 519.622 529.168 57.9613 69.1504 439.191 449.445
-79.1942 72.6808 -2421.26 2423.65 -66.3835 66.7688 -1987.56 1989.81
54.898 -104.066 -87.2813 146.497 48.5487 -106.523 -82.4829 147.361
81.4956 229.094 -38.6868 246.216 90.9967 231.689 -20.6266 261.753
-180.336 -205.383 -1776.55 1797.46 -190.734 -164.477 -1507.71 1529.1
90.2018 55.3029 656.251 664.726 66.5864 59.0761 407.289 417.311
174.63 111.387 2663.8 2671.85 179.063 119.198 2628.57 2637.95
198.58 57.6864 -12.6053 207.173 145.697 -5.06502 -6.8034 152.114
134.542 57.1098 -433.018 457.02 57.6031 28.0301 -213.872 223.819
105.521 57.2719 -51.8758 130.789 113.044 59.2226 -70.8953 152.872
-0.890293 -122.187 -98.7619 157.113 -26.0673 -139.264 -181.01 230.66
75.8198 123.812 164.624 219.497 41.9474 135.325 159.365 214.607
-98.8703 -57.8717 -68.2073 133.329 -61.0328 -48.3665 -75.2139 110.776
160.85 64.7289 -58.6996 183.052 161.449 67.5637 -58.4436 191.377
-16.2541 -150.483 189.982 242.905 -20.3457 -156.057 208.653 264.168
131.586 -8.68508 1272.89 1279.7 70.338 -30.4762 655.739 660.418
-88.3183 -112.195 749.564 763.043 -99.9804 -121.489 854.535 869.643
-56.3232 84.7808 180.24 206.994 -50.2945 55.9076 92.1285 119.928
-43.9425 98.0824 110.276 153.987 -51.3256 85.4514 94.8085 144.715
26.8201 -124.169 51.0488 136.906 24.665 -126.674 54.8175 145.391
-44.2357 -92.2922 196.277 221.358 -33.8127 -99.1098 382.329 397.661
-66.4453 145.462 -839.681 854.774 -60.9467 151.174 -917.68 932.637
60.0328 -101.996 -462.986 477.873 49.063 -100.307 -468.483 482.244
118.208 96.5673 378.725 408.328 119.085 90.7841 386.985 416.592
82.9139 -68.8866 31.6372 112.343 78.8306 -29.7538 32.3047 90.6072
-8.6988 -109.268 359.471 375.811 -8.37746 -109.975 373.814 390.372
-31.8245 -95.8691 76.0016 126.412 9.92095 -71.966 19.6601 75.9002
138.987 -174.594 -423.9 479.053 169.472 -185.194 -264.242 374.231
-44.3265 -138.38 -301.176 334.396 -53.4659 -103.404 -211.159 241.816
-104.748 -2.31638 -52.253 117.081 -128.102 -1.98882 -75.3684 149.582
-3.09704 -118.18 -510.397 523.909 11.8611 -121.289 -595.008 608.228
103.011 46.072 -55.9257 125.943 33.0359 40.3504 -43.3588 72.4911
-176.2 152.476 542.363 590.299 -181.177 154.667 561.775 612.408
-106.008 -43.2195 -194.365 225.574 -115.743 -38.4269 -226.891 260.782
8.44559 -120.771 -501.107 515.524 10.6713 -136.421 -565.196 584.179
139.288 -39.5128 309.316 341.524 147.774 -36.9631 281.969 324.594
-114.467 -60.4919 605.705 619.387 -71.903 -16.8774 229.09 241.234
-108.014 -101.837 129.964 197.303 -93.5374 -108.537 124.099 191.765
107.227 55.3673 445.199 461.265 84.2468 57.1434 347.523 363.918
95.3267 31.984 -92.3701 136.537 136.426 26.4107 -204.985 249.37
-58.6398 84.303 42.3114 111.067 -67.1098 93.3485 26.4085 131.325
-56.8237 -122.409 -3148.64 3151.53 -58.6986 -111.924 -2765.02 2767.99
105.457 102.908 -390.172 417.068 94.06 106.757 -380.003 406.51
27.7742 -114.038 491.394 505.217 23.1651 -112.73 458.882 473.651
111.75 -34.1544 22.7965 119.056 99.4106 -2.28608 17.1494 103.543
-17.2389 -162.486 -173.331 238.207 -11.9067 -184.97 -132.724 232.556
64.9806 79.3599 2302.09 2304.38 70.0567 81.3274 2482.93 2485.47
-31.2289 109.507 398.72 414.662 -55.1776 113.058 456.713 476.988
13.7114 189.825 147.366 240.704 17.6981 224.884 426.935 489.827
90.6901 -59.0558 337.066 354.014 88.1117 -70.2841 353.593 372.429
-122.168 22.4099 -149.249 194.171 -79.5245 7.17156 -42.4453 95.5118
123.682 164.052 -1510.69 1524.6 130.552 163.144 -1539.67 1554.24
44.0145 95.1823 26.5999 108.187 41.6912 96.3443 29.5885 114.501
8.09918 100.282 353.834 367.859 -4.22804 115.914 489.793 505.907
-193.102 44.4274 791.815 816.231 -185.943 48.3754 837.902 860.738
-50.7528 86.9011 665.752 673.315 -53.3504 91.6691 655.912 665.574
39.0202 -114.821 61.9327 136.169 41.8681 -111.455 61.5502 137.591
95.5075 -78.1989 227.752 259.052 88.1876 -80.5836 221.326 254.314
-15.5596 125.316 -256.463 285.866 -31.6653 113.195 -224.376 254.577
64.5838 148.531 43.9305 167.816 62.9898 150.869 44.4141 175.533
-110.716 -17.8517 552.419 563.688 -105.329 -17.8978 497.047 509.534
100.587 -59.5225 91.3498 148.342 92.3366 -59.5433 82.2491 142.808
-90.3752 265.983 590.44 653.861 -83.5154 274.605 603.489 669.866
108.083 -52.4648 -86.3776 147.971 106.919 -52.7742 -94.5578 155.118
-324.204 47.3232 117.262 347.992 -360.94 87.7626 110.202 393.046
216.32 -419.422 858.657 979.797 218.753 -425.461 865.517 1007.23
-106.226 7.82201 156.442 189.26 -103.682 1.39433 222.971 246.494
-77.1378 109.864 -1467.62 1473.75 -80.5114 118.345 -1712.37 1719.91
-74.5265 92.4103 85.1299 146.085 -81.2731 93.3851 88.3906 153.681
92.4698 -57.3375 851.577 858.5 80.065 -39.954 952.287 956.659
216.067 -13.4812 -366.109 425.326 219.692 -13.0349 -387.212 448.026
67.6734 -96.1037 168.77 205.667 78.2666 -94.436 169.404 212.409
97.6459 -125.395 424.284 453.073 111.502 -143.496 430.537 469.269
-51.743 -90.6019 -97.0848 142.518 -27.8636 -79.7052 -68.6893 110.401
5.68707 99.8714 -800.503 806.729 2.55857 84.5146 -931.049 935.267
-141.998 58.3691 142.737 209.628 -147.845 60.7068 156.323 226.984
-98.853 -50.7863 -458.393 471.673 -160.412 -4.64995 -950.55 964.874
-80.17 -99.9687 675.177 687.23 -59.5972 -97.6155 634.222 644.922
129.825 -18.1734 -458.791 477.152 85.315 -59.0334 -268.149 288.822
-110.779 62.7258 -21.5535 129.117 -65.4866 14.9036 30.7689 74.5452
129.971 11.92 33.3997 134.722 132.724 44.0295 -42.8949 147.95
-52.9252 -102.951 -51.181 126.568 -84.8078 -114.39 -61.5917 158.1
-17.83 -116.292 217.199 247.017 -24.6708 -94.2604 179.198 204.803
72.5588 -86.0242 -66.2414 130.587 70.5113 -84.8448 -84.9515 141.274
-77.2409 116.715 -236.227 274.575 -74.5709 113.739 -234.544 272.154
112.017 -4.296 -68.0437 131.135 110.823 -12.6024 -67.063 133.539
86.9247 78.4079 -111.23 161.48 98.4517 80.8146 -128.601 186.283
-23.2077 -115.05 -67.8251 135.556 -25.8409 -89.6124 100.876 139.337
111.121 106.683 -699.815 716.568 85.4891 116.379 -547.443 566.753
-32.2371 98.1099 -142.2 175.743 -67.0061 101.236 -198.866 233.824
51.4141 93.6374 -83.4831 135.576 52.8834 100.279 -77.6613 140.233
-157.927 -29.6187 616.109 636.717 -131.613 -26.3408 579.372 595.058
110.157 -35.4712 -395.435 412.021 98.6177 -48.4934 -418.4 433.291
-107.563 -14.1969 -136.413 174.298 -103.023 -10.7598 -131.551 168.775
57.2877 85.4095 40.5491 110.548 69.2154 92.509 48.3198 131.821
145.392 35.7471 -8.69455 149.975 143.167 38.2188 -2.65812 154.17
46.8339 -102.515 -59 127.215 31.8049 -92.3694 -43.3684 109.492
83.9662 -83.8378 268.732 293.761 49.6371 -89.0035 162.832 193.122
-93.3561 -116.28 -191.094 242.391 -105.447 -4.39183 -242.359 265.311
112.063 -167.1 -95.6781 222.789 127.183 -153.358 -92.0154 222.498
-83.3172 65.7067 -334.837 351.248 -80.8843 90.0892 -398.323 419.539
78.8236 69.5207 -2054.28 2056.97 79.9663 69.8031 -2187.04 2189.79
-172.408 -51.5492 -19.6462 181.019 -174.568 -52.1232 -35.6242 191.111
10.1518 -133.372 -48.5419 142.293 6.45733 -108.684 -28.7103 116.128
64.1373 -78.2944 1824.44 1827.24 69.5193 -68.2319 2115.42 2118.09
56.2375 82.7794 265.136 283.394 63.8974 96.1066 237.971 266.269
-79.1248 69.2885 -99.1157 144.518 -100.84 81.2478 -155.253 211.996
17.8742 101.378 359.13 373.593 16.773 102.955 363.012 378.045
106.614 144.131 -144.42 230.212 76.6028 141.28 -151.14 221.327
86.8092 116.037 104.139 178.453 49.8414 81.2905 -33.1076 102.92
20.9948 100.914 -396.302 409.487 12.5761 87.516 -402.979 413.64
120.778 -9.76236 -410.023 427.553 122.007 -6.35803 -431.779 449.738
-70.3301 114.757 218.057 256.251 -93.1612 104.277 218.043 262.316
80.9821 68.5747 1650.57 1653.98 65.2396 61.8867 1509.99 1512.73
-43.3702 109.431 -114.89 164.487 -41.077 107.251 9.50596 121.493
-34.8196 112.115 36.7341 123.011 -17.6696 92.704 3.76076 98.5176
24.682 -108.274 252.413 275.762 26.5485 -119.416 297.01 321.662
2.0313 -108.965 -1343.83 1348.25 33.3771 -71.8001 -681.702 686.65
18.932 136.122 -325.794 353.595 4.93672 97.1948 -117.767 153.422
-130.065 91.3725 260.994 305.587 -138.376 103.295 318.341 365.43
-139.448 20.1629 226.315 266.591 -128.397 29.1539 200.142 240.256
126.345 44.2509 2007.55 2012 125.531 36.8112 1848.67 1853.55
-135.079 -11.9848 109.115 174.058 -110.359 -28.1913 105.467 158.622
-158.776 18.8809 491.05 516.426 -144.213 27.2462 552.856 575.787
59.4909 -153.807 504.943 531.191 45.9694 -93.152 369.068 384.244
-123.162 -10.1009 508.678 523.474 -126.859 -28.181 454.18 472.857
136.18 -66.0607 -575.79 595.351 68.2394 -10.5922 -381.491 387.876
84.8605 58.0692 428.835 440.99 84.8962 -0.558841 31.8767 96.5815
-224.133 -146.294 -728.286 775.911 -225.465 -153.891 -704.043 756.629
35.6533 -101.893 830.895 837.878 32.9055 -95.4496 802.123 808.764
-93.9033 37.1684 -506.448 516.419 -101.114 34.9936 -583.742 594.339
-100.488 8.14115 111.69 150.462 -107.4 12.5149 138.053 177.012
153.963 -34.7368 -857.344 871.751 145.874 -15.2946 -669.763 685.99
113.609 -7.89051 9.3444 114.265 126.698 -16.0812 37.513 141.535
-166.845 -12.0505 -154.967 228.029 -165.287 -14.7652 -154.128 229.457
-108.358 -123.266 807.859 824.362 -73.8528 -138.865 711.145 731.597
-68.9636 82.2964 -314.876 332.679 -74.5713 78.9218 -343.908 362.345
-82.5902 -80.9799 -1288.39 1293.58 -92.1285 -79.75 -1396.64 1402.36
-64.229 -87.9193 181.769 211.885 -71.0405 -86.4552 193.416 225.328
105.032 95.2013 278.573 312.567 67.5149 83.8112 253.612 277.006
-78.1418 -87.0262 521.923 534.868 -88.2183 -85.3772 587.178 600.747
-150.118 -160.696 -1461.24 1477.69 -168.558 -147.583 -1266.35 1288.37
97.9545 -46.059 -134.753 172.844 107.621 -31.4667 -193.066 226.367
-25.9652 -112.8 -209.871 239.675 -18.1008 -129.333 -290.498 322.406
-143.337 119.438 -549.772 580.569 -143.787 84.9451 -430.009 461.675
172.972 -37.8218 233.826 293.3 92.6699 -57.0008 205.791 234.592
-19.0433 -109.467 45.0462 119.896 18.866 -93.9411 84.0396 130.978
97.4786 43.6158 78.0278 132.26 97.5142 48.2468 84.3964 142.801
-50.5704 142.418 -170.706 227.993 -78.2342 131.54 -166.163 231.155
153.895 41.2169 -407.895 437.905 118.525 80.3628 -490.843 512.182
113.07 69.0305 -26.155 135.034 85.2351 83.2075 -10.6512 136.067
102.693 -110.447 -166.525 224.666 35.1272 -122.1 -135.763 194.053
251.675 214.811 279.25 432.972 219.639 171.427 145.03 315.51
-121.642 91.517 149.232 213.172 -133.325 102.834 127.574 215.222
-77.2682 -71.1923 -1414.6 1418.49 -64.6573 -66.9753 -876.66 881.98
152.055 15.5526 -209.462 259.301 154.793 14.3174 -236.531 290.789
110.341 9.54977 164.52 198.326 45.0881 68.673 48.2544 101.316
93.3283 -175.372 -52.0297 205.359 84.4478 -182.043 -69.8252 215.665
-115.531 99.0898 90.2633 176.957 -119.305 97.2982 108.193 190.301
38.3029 -100.662 -143.638 179.532 54.7818 -86.0539 -141.785 177.96
107.876 52.7101 19.5558 121.647 165.145 -16.7829 68.5489 186.535
-71.2147 -87.4403 -124.708 168.135 -83.2219 -101.201 -125.656 186.33
-73.6476 99.687 -480.162 495.901 -61.245 50.5167 -285.723 298.171
-44.2331 -234.368 -244.416 341.503 27.2687 -125.315 -173.965 221.4
-100.646 45.3668 92.4163 143.974 -95.9268 -6.24413 35.25 106.106
-160.251 60.7459 -254.951 307.198 -144.632 46.312 -248.7 293.154
-93.9858 -42.9439 -603.892 612.668 -86.6174 -72.5155 -599.84 610.824
-76.2706 -75.2116 -3.44743 107.172 -82.201 -62.0203 2.33913 104.794
8.19014 -122.948 163.439 204.684 -24.8223 -61.0143 155.483 171.684
-83.1675 -139.433 212.643 267.536 -35.0176 -112.354 195.925 228.789
-127.428 -94.8831 -752.979 769.557 -77.4919 -114.074 -707.959 722.571
60.0658 128.732 -151.2 207.464 69.0312 153.918 -154.399 232.198
110.034 127.361 541.752 567.295 96.7599 120.635 633.232 654.753
-110.406 39.757 -374.382 392.342 -133.255 59.2161 -342.294 375.511
57.56 -101.495 342.347 361.685 58.5628 -107.654 383.373 404.471
118.814 -64.8896 250.55 284.785 106.174 -76.1095 332.74 360.437
-84.1737 73.8162 -156.313 192.27 -87.1954 74.1552 -160.916 198.667
25.6418 -121.671 867.607 876.472 2.18333 -81.7138 824.293 828.616
70.8276 -74.1867 -312.269 328.682 77.0136 -70.686 -303.936 322.359
92.1018 -50.3229 223.153 246.602 86.7837 -40.1768 218.968 240.29
46.6506 142.763 298.829 334.449 46.5633 77.5171 297.966 313.027
1.73164 100.324 -12.8887 101.163 1.38411 112.884 -24.3033 120.111
106.525 160.527 185.26 267.279 83.6056 191.42 199.329 296.289
80.0737 -64.0447 42.2189 110.887 83.8217 -65.2045 49.1021 123.796
164.803 15.7059 -226.555 280.595 193.909 21.6283 -416.657 464.772
165.479 58.5307 -26.1338 177.46 179.126 57.8789 -31.1267 194.389
208.37 55.4613 1490.98 1506.49 210.294 54.3225 1545.91 1561.71
63.6573 80.1366 -770.043 776.814 61.2302 81.6515 -777.162 784.05
145.11 49.0476 -604.975 624.065 170.099 -13.104 -813.407 831.651
-33.9192 -104.26 -1135.98 1141.26 -13.6893 -103.144 -1125.41 1130.54
31.4497 -135.058 174.075 222.557 29.8706 -137.917 178.657 229.204
-291.519 -71.5985 998.479 1042.63 -300.582 -88.5056 1050.01 1098.74
89.2727 -66.3239 -58.5454 125.682 56.6122 -69.836 -27.8738 99.2447
-19.5367 108.775 -2198.7 2201.48 -36.6867 110.959 -337.326 357.438
-733.409 426.075 1635.46 1842.33 -731.947 445.348 1558.88 1780.09
96.8291 54.3092 98.7696 148.596 138.995 105.764 236.78 295.291
-49.4714 -88.7069 -953.04 958.437 -45.1368 -82.4284 -1102 1106.52
-174.597 85.1448 92.2254 215.034 -153.684 59.398 149.592 224.393
-103.971 34.6484 -38.4482 116.141 -110.732 35.0259 -39.1999 125.219
-24.9151 137.037 -133.557 192.97 -22.6 149.87 -155.575 224.075
163.7 10.3008 -9.98429 164.327 210.512 39.8617 -87.8191 234.709
153.096 -147.802 72.2766 224.739 144.403 -176.872 62.7489 239.926
78.5699 -71.647 -68.2912 126.373 77.6877 -74.1959 -66.7973 128.439
-12.2609 111.873 -859.4 866.738 -5.55746 152.795 -1429.94 1439.12
8.65043 -167.444 -181.526 247.111 7.00285 -169.106 -190.183 257.133
-151.482 -199.641 -425.039 493.418 -151.587 -201.168 -473.624 538.637
-9.72361 132.796 -41.4398 139.451 -7.7318 69.1221 14.0623 74.7581
111.496 32.4912 -556.295 568.288 127.726 43.7359 -753.001 766.562
-56.2127 88.6451 -296.693 314.713 -55.6938 97.7604 -304.097 328.121
-32.9465 -149.73 -173.666 231.656 14.3163 -156.557 -211.772 265.601
-108.534 -101.091 386.443 413.929 -78.2224 -83.91 271.461 295.327
-96.1151 52.766 -37.168 115.775 -105.264 62.799 -47.1684 134.247
42.2998 122.692 -524.728 540.538 22.2837 133.611 -571.002 589.104
50.7934 108.024 -737.044 746.647 59.6308 109.702 -694.657 706.524
64.655 299.9 451.791 546.109 62.13 354.104 413.636 553.517
98.0618 -30.1095 -585.467 594.386 83.6737 -42.0666 -452.939 464.605
0.094013 -159.432 -869.759 884.251 -5.88607 -137.312 -895.543 906.367
91.7563 173.793 2114.83 2123.94 100.278 155.405 2145.82 2154.57
-56.5835 -92.6916 -339.73 356.665 -59.3886 -83.3552 -244.428 266.261
-34.4526 166.301 -221.595 279.191 -75.8752 178.487 -219.213 294.162
-22.8216 -131.938 640.571 654.415 -9.88607 -129.433 685.692 698.347
-8.89399 102.815 -1156.18 1160.78 -17.7757 72.6908 -423.969 431.682
100.492 -47.4598 -312.626 331.792 110.731 -55.264 -477.726 496.474
79.5308 -66.7033 -48.6153 114.621 79.1158 -69.8363 -41.9796 116.686
78.9119 -76.7645 -778.033 785.783 76.6245 -81.13 -769.376 778.06
117.378 -249.699 201.704 341.777 92.9337 -204.967 193.926 306.995
44.2422 91.1561 13.9031 102.275 44.6198 92.1146 13.8005 106.309
92.2494 -109.458 -62.6255 156.247 97.1956 -108.857 -87.624 178.805
-62.6274 100.174 -129.438 175.246 -41.2028 89.4447 -99.2924 143.943
169.668 66.9701 -509.371 541.046 179.34 57.9997 -529.88 568.067
-23.9915 -97.3023 39.9099 107.871 -26.7512 -97.0561 39.1608 111.387
102.056 -2.78634 82.3457 131.164 46.6444 -3.56575 17.024 54.9112
-75.7136 -66.7954 216.758 239.12 -40.9732 -52.0152 101.197 122.296
190.444 80.7403 -46.2025 211.949 217.021 77.0013 -12.8264 236.087
-163.562 36.4596 58.6131 177.531 -160.137 39.0773 83.6309 191.308
-106.069 -3.21577 49.952 117.287 -67.5504 -16.585 66.8 97.536
3.72611 -137.886 616.924 632.157 4.79152 -120.149 536.615 550.433
109.105 90.5879 773.486 786.378 72.3381 86.9686 608.248 619.098
-146.28 83.8734 -900.669 916.318 -132.49 58.3044 -765.604 780.294
-129.464 46.7481 -211.931 252.707 -133.08 44.5273 -211.469 255.143
-36.6177 123.374 -3.43805 128.739 -48.0477 67.6978 0.436299 89.8426
-43.6702 -140.707 -332.896 364.04 -58.8148 -87.8251 -817.532 825.366
-4.37323 124.864 -96.5265 157.884 -6.99064 122.819 -95.9212 157.51
-85.0034 -114.974 0.319634 142.985 -93.034 -112.356 -1.27875 150.723
-84.1603 102.239 105.593 169.369 -109.277 65.3991 125.23 185.444
73.9178 -77.6658 577.985 587.845 72.625 -32.0485 530.063 536.463
112.491 -24.1993 1416.06 1420.72 110.529 -20.0375 1382.31 1387.2
3.64747 284.786 -1826.43 1848.5 27.3324 350.693 -1887.81 1920.98
39.7729 107.362 -618.357 628.867 88.4649 77.1319 -521.021 535.26
137.275 -84.486 36.1304 165.19 134.67 -92.9231 75.7834 186.065
155.83 149.007 337.537 400.522 104.632 117.31 189.582 248.264
110.415 75.0995 -587.837 602.813 83.1894 68.8642 -337.889 355.77
-102.489 -197.854 -856.543 885.051 -104.871 -199.978 -923.076 952.773
-91.4568 -64.463 362.222 379.11 -124.893 -77.5811 1054.53 1065.42
104.18 -8.98242 1323.16 1327.28 94.8291 -15.2694 1275.9 1279.71
-395.022 -400.271 -205.521 598.747 -406.066 -380.244 -214.933 623.805
-206.463 -109.251 -24.1579 234.833 -209.258 -117.011 -29.6106 243.409
46.2709 -255.963 1288.9 1314.88 53.3952 -227.843 1318.37 1340.21
-79.1473 -217.345 23.9633 232.546 -86.5629 -218.127 22.3048 239.564
25.2713 106.163 -61.4106 125.222 34.7035 125.921 29.5111 151.119
104.338 57.8791 217.421 248.009 82.1793 31.6455 200.114 220.335
-103.88 20.6815 414.228 427.556 -132.17 4.15894 624.297 640.228
-98.2288 21.5906 -278.621 296.218 -96.3808 25.782 -291.987 309.136
45.3393 118.757 -588.301 601.877 32.024 113.46 -671.118 682.948
123.81 -40.2665 216.815 252.901 126.687 -40.8457 212.487 252.939
-91.2426 79.4354 -2.12163 120.995 -88.7482 84.1718 0.114106 129.767
48.5178 95.1488 254.41 275.92 61.7411 136.276 264.061 309.102
-16.4553 104.348 -740.477 747.974 -21.1055 107.674 -794.48 802.782
44.4835 -119.313 213.563 248.643 38.7403 -109.368 175.355 212.557
181.042 34.4517 52.0679 191.505 177.23 1.73583 39.884 184.802
-118.231 6.55759 -20.8215 120.229 -119.236 5.86155 -31.3998 128.981
105.59 0.508323 188.476 216.039 68.5923 4.9795 -3.06322 78.3313
125.328 -6.98519 177.269 217.21 120.479 -4.14391 171.495 210.44
0.445267 -152.566 -3060.51 3064.31 -99.5702 -121.239 -2560.36 2565.36
95.5523 49.6011 -58.9009 122.718 95.2119 45.6133 -58.521 122.173
132.354 258.241 -157.513 330.176 131.495 251.882 -144.692 326.588
-119.995 -58.9408 9.98717 134.062 -120.055 -57.2091 12.4255 136.913
301.045 191.942 188.593 403.779 309.207 181.1 171.518 401.658
-97.7445 73.6954 -392.252 410.91 -102.287 70.6704 -403.759 424.852
-48.1096 95.7264 -878.328 884.838 68.5208 6.16137 19.3649 72.6445
30.9783 -119.889 -29.8677 127.378 97.2729 -128.649 22.7374 165.674
81.3739 -74.6395 140.043 178.339 146.747 -90.3181 89.2407 199.699
97.209 115.698 -255.699 297.014 64.5132 98.0715 -134.93 180.716
-68.8122 168.391 -581.193 608.996 -43.1876 151.597 -421.633 450.962
158.162 -164.534 76.3353 240.653 133.458 -181.733 131.579 263.623
25.8002 109.516 -2.7994 112.549 20.6116 68.9323 35.4003 84.0421
-14.7886 -106.286 -377.722 392.669 -8.17658 -93.4007 -315.545 330.049
-45.6139 117.911 -303.946 329.191 -49.7037 118.335 -341.433 367.063
-199.94 15.8315 -854.849 878.062 -202.511 14.6711 -883.782 907.626
-121.052 -44.322 -101.227 163.905 -132.496 15.6279 288.01 320.866
-114.125 162.734 -171.196 262.326 -121.191 170.099 -185.402 284.341
-105.288 -136.885 -419.401 453.564 -77.4721 -73.0723 -338.42 355.37
188.101 -9.69411 171.939 255.028 179.827 -0.12777 18.0052 194.636
-77.1663 -107.628 -39.5045 138.199 -54.3712 -81.1584 -62.3234 117.512
32.6639 203.43 -216.351 298.762 26.8633 219.251 -294.7 376.106
-81.4569 152.959 142.479 224.348 -77.107 150.5 135.292 219.13
153.798 -65.2729 1723.61 1731.69 122.801 -61.9992 1336.62 1344.21
29.8988 146.8 -35.5323 153.97 74.986 162.581 39.7657 186.7
-71.263 72.5176 -21.4418 103.908 -59.0184 65.1693 -22.2295 100.029
-57.426 -89.0281 -297.993 316.265 -31.025 -70.9515 -207.578 223.904
175.958 -48.5676 132.798 225.733 181.678 -52.7275 140.247 238.278
50.8675 -110.647 -67.9632 139.46 25.4341 -65.0568 -0.645189 71.4375
101.889 159.29 -247.745 311.661 92.5755 143.652 -194.056 265.06
-118.428 -3.11164 320.227 341.438 -107.646 19.6827 277.538 298.813
-18.2866 317.531 421.506 528.041 -1.82674 317.291 395.785 511.261
-122.04 -31.4265 -291.195 317.295 -65.0566 -34.811 -111.407 134.045
-87.3493 -72.9935 -663.108 672.808 -69.4246 -83.8277 -480.64 494.576
-104.696 -68.6868 1.62744 125.227 -99.4225 -76.7187 -1.92069 127.924
-108.301 28.8312 282.336 303.767 -69.6574 40.3257 94.2145 127.268
125.73 56.8935 257.276 291.952 148.893 107.781 268.49 326.662
0.736294 100.276 -432.168 443.65 28.2817 116.382 -483.079 498.994
79.561 -89.8844 1015.85 1022.92 84.337 -92.9299 881.622 891.006
-96.2623 -47.8476 99.3491 146.376 -99.7707 -48.218 110.611 160.401
106.355 -10.3601 134.162 171.518 110.323 -9.10337 141.033 181.368
-94.2739 250.079 -84.7413 280.371 -114.194 278.854 -7.04032 303.626
65.0474 -312.455 460.357 560.167 96.424 -283.078 500.722 587.481
-71.867 114.05 59.8599 147.498 -75.8488 121.043 66.5078 166.024
154.298 55.9667 -855.766 871.364 146.728 55.6702 -904.807 919.247
72.4895 118.415 -350.938 377.404 72.2668 119.374 -358.377 385.965
102.727 60.6376 167.039 205.261 99.2889 42.4706 149.397 187.166
-108.772 114.948 -863.15 877.538 -134.224 137.593 -2086.45 2095.67
71.7248 122.433 -57.6308 153.152 90.7338 130.393 -79.488 188.68
89.4008 -110.542 2.0619 142.184 93.1706 -94.8472 16.5276 137.723
-89.6971 -110.784 -767.253 780.382 -92.0747 -109.364 -770.203 783.525
-130.598 -36.6858 28.4619 138.606 -140.973 -22.5884 46.0024 154.188
-229.56 -111.071 -1768.62 1786.91 -205.724 -103.97 -1575.29 1592.69
39.3337 104.083 1973.73 1976.86 39.0121 103.24 1921.65 1925.02
125.894 -71.425 67.153 159.563 197.113 -174.236 292.746 405.517
98.8081 -64.453 -31.4103 122.081 145.487 -84.674 27.1392 173.84
118.456 15.1017 -109.143 161.778 113.723 7.23364 -123.274 170.039
116.112 -46.822 -514.112 529.136 109.399 -8.36222 -4.68464 124.165
-1.94841 106.645 -1088.82 1094.03 22.6636 133.385 -1230.23 1237.95
-98.0128 22.4748 35.6972 106.705 -104.41 29.1615 46.5031 123.384
86.2902 52.2267 593.43 601.941 83.4989 47.7524 752.363 759.656
103.273 74.3389 -37.6358 132.695 68.102 70.2703 -9.3267 103.492
101.179 -50.8377 -630.074 640.167 72.6678 -43.8912 -753.473 758.821
-69.7193 75.944 221.02 243.882 -61.506 68.6789 176.953 202.915
107.09 -72.5167 193.586 232.814 128.85 -51.0282 212.012 256.425
-114.273 19.0016 432.067 447.327 -99.177 31.0186 231.817 255.794
-69.5002 90.9126 14.0843 115.298 -52.7594 102.741 -27.5787 121.167
39.6692 203.844 1105.67 1125 74.0341 167.707 736.306 759.374
-119.552 101.288 -102.984 187.504 -107.781 68.4468 -87.4048 158.212
80.4166 -61.3518 1134.29 1138.79 90.3528 -73.7174 1292.41 1298
37.0559 -96.261 63.472 121.112 45.453 -92.3234 51.1581 118.696
98.2419 50.8303 188.247 218.34 100.319 40.3804 192.723 221.734
-58.1783 -94.6895 390.047 405.57 -85.1203 -98.9822 429.254 450.743
91.8231 -155.449 722.654 744.866 91.2103 -146.819 671.846 695.197
-80.7576 112.311 -1425.49 1432.19 -84.9086 118.263 -1320.93 1329.27
-125.278 -11.9377 -42.4512 132.813 -131.268 -7.12827 -60.477 152.625
113.55 44.2795 52.661 132.768 99.4312 51.8725 47.9898 123.605
119.959 -15.924 -62.8468 136.358 116.71 -17.2447 -60.4292 134.152
162.73 67.8411 -940.823 957.2 135.531 58.3058 -1018.45 1030.17
-82.7335 182.748 -1252.42 1268.38 -90.4961 181.938 -1284.26 1300.89
274.031 -153.61 65.8603 320.978 256.359 -147.914 48.3872 303.494
-147.512 -52.089 -100.482 185.93 -94.1039 -56.5406 -7.71109 114.192
-29.0898 -102.014 373.57 388.34 -28.51 -43.8713 234.491 240.509
-134.889 226.59 -597.982 653.545 -142.909 219.828 -589.944 648.749
-47.4139 90.9681 -80.0701 130.133 -45.1057 93.3773 -76.0892 130.599
105.776 15.9514 -483.265 494.963 111.536 20.1387 -530.721 543.701
-115.679 6.49106 1112.96 1118.98 -117.701 5.71277 1232.35 1238.3
47.9032 -148.114 522.805 545.488 46.7255 -167.674 618.3 644.375
162.364 16.0895 185.104 246.748 169.485 7.61296 149.865 230.014
12.2354 105.261 -843.329 849.961 8.00984 110.461 -752.153 761.284
-57.8675 -108.117 -1087.6 1094.49 -58.9196 -130.203 -1460.49 1469.15
84.211 160.967 102.623 208.647 86.7573 149.881 84.0025 198.348
-95.5682 39.9891 -40.128 111.098 -80.7229 -27.3575 8.23867 86.4536
-109.202 -114.089 -526.582 549.755 -112.048 -100.515 -533.047 554.628
-229.506 -107.056 182.11 311.926 -197.204 -79.0445 103.297 241.592
85.521 77.7107 -1325.14 1330.17 82.8026 73.0957 -1246.85 1252
-111.253 -13.1709 260.149 283.245 -105.562 -13.4635 262.379 283.748
129.073 40.424 1387.06 1393.64 125.23 28.3281 1380.24 1386.72
194.157 -54.8557 66.693 212.494 76.9825 -155.419 267.564 328.33
-110.885 52.1988 28.2689 125.775 -107.971 41.239 23.347 127.014
-177.154 32.4249 1150.28 1164.3 -196.845 -12.5168 699.696 727.865
-127.918 19.6229 -178.49 220.469 -129.13 16.5505 -182.186 226.561
100.231 -31.9738 366.74 381.532 102.004 -35.2974 392.387 407.932
-188.462 17.1953 209.199 282.095 -192.791 17.2728 227.765 302.207
-9.89119 115.484 233.948 261.087 -25.7046 115.147 278.139 305.851
-173.986 293.774 -569.115 663.676 -200.861 282.48 -619.146 713.951
-38.1034 -100.886 -693.981 702.31 -28.6066 -111.372 -792.851 802.286
107.281 -10.2316 -677.083 685.606 115.431 -10.0332 -772.02 781.111
16.5137 100.357 -657.488 665.309 15.9752 93.2763 -612.439 620.011
128.454 418.359 25.3199 438.367 139.77 395.862 11.5149 422.414
68.9401 110.094 -125.399 180.55 82.8845 180.335 -273.095 345.646
-26.0712 111.283 16.0344 115.416 -24.1072 134.514 -9.12133 141.348
62.0497 -84.6206 1425.92 1429.78 71.7062 -92.48 1766.34 1770.61
55.2065 -88.3851 -452.15 464.003 59.2928 -97.9961 -530.968 544.595
7.44102 -132.74 -293.298 322.023 10.9709 -176.505 -425.34 462.21
19.9396 98.3678 249.414 268.852 21.5342 112.453 296.998 320.003
105.112 -52.3369 348.78 368.015 123.936 -48.201 401.168 424.636
-3.87009 -108.602 -536.325 547.224 4.06601 -120.883 -720.126 731.385
28.8032 107.252 170.985 203.884 -5.92965 62.6299 166.256 178.436
-38.0729 -109.065 -476.528 490.33 -19.1176 -98.9777 -2045.51 2048.35
-40.1389 -159.046 273.28 318.73 -18.458 -180.608 344.071 391.876
10.535 107.529 -72.288 129.996 16.5884 100.388 -79.7676 130.563
-124.621 18.2187 107.881 165.833 -133.412 14.5235 168.658 219.582
-149.503 -33.2427 -640.977 659.021 -120.725 13.7066 -414.404 434.344
56.985 161.668 1135.49 1148.35 72.5799 129.969 1350.51 1359.37
32.7676 164.934 -838.611 855.304 40.6427 166.922 -866.391 886.533
-107.943 -26.5746 1220.09 1225.15 -117.077 -8.93946 1212.65 1218.52
92.0201 -176.317 -299.606 359.61 78.2264 -133.44 -157.376 223.786
2.90149 100.183 883.198 888.867 10.7871 106.375 1033.56 1040.48
-34.4729 -148.384 193.877 246.565 -34.1877 -143.167 221.522 270.939
18.0536 -104.264 866.097 872.537 15.0028 -121.766 1001.38 1009.66
-68.8621 -91.1187 -687.475 696.897 -88.3331 -82.2354 -606.462 618.758
50.1152 -101.954 42.3465 121.241 43.2497 -94.0391 35.9062 112.563
147.353 -71.146 -222.954 276.556 188.802 -49.8979 -262.06 329.708
-106.701 -258.875 741.543 792.646 -151.184 -215.951 612.963 670.434
254.135 -33.4096 -611.208 662.779 245.571 -14.9746 -555.549 609.071
-125.167 -49.393 405.916 427.638 -131.629 -50.918 395.076 420.717
185.971 -16.6096 287.279 342.623 171.04 -53.7777 406.874 446.418
-102.212 48.1205 -7.7034 113.235 -111.506 -33.4692 -9.45605 118.813
87.5586 -84.6047 217.679 249.417 114.06 -64.5674 345.985 373.15
-87.5359 -71.9356 -157.817 194.277 -91.2923 -71.8832 -142.844 185.456
34.794 -104.907 110.326 156.166 36.3104 -169.379 265.8 320.28
77.9686 -88.3139 -117.821 166.614 70.7167 -88.0325 -114.043 162.709
11.8214 182.047 924.924 942.743 13.9293 196.033 1009.58 1030.12
-53.6925 -286.836 -853.552 902.058 -64.0009 -270.278 -774.96 824.093
-91.7101 -60.1987 1482.92 1486.98 -77.9314 -15.1519 1504.26 1506.69
-4.90936 -262.431 -410.35 487.116 5.79796 -212.89 -312.705 380.867
197.334 251.733 625.373 702.426 200.68 261.548 625.3 711.227
-102.676 57.7462 -724.913 734.422 -107.21 57.5947 -777.958 788.346
-62.1282 -81.592 -634.96 643.189 -84.104 -65.6196 -496.809 511.169
-136.756 -129.506 -109.271 217.748 -121.656 -128.105 -102.743 206.511
-136.029 -53.5708 -59.8354 157.968 -145.743 -54.6851 -57.1414 170.023
56.1842 141.446 248.699 291.573 5.16656 77.5866 139.307 160.339
-131.781 -48.0096 -284.745 317.413 -97.9933 -38.9631 -152.981 187.577
-48.1537 -90.8399 1611.97 1615.24 -79.8239 -66.396 240.538 263.996
102.22 48.7312 198.641 228.652 108.959 43.7102 214.363 245.501
95.081 -46.9167 488.323 499.7 91.6415 -37.1775 504.9 515.578
-5.92705 108.647 -116.443 159.368 -12.2135 93.7544 -209.244 232.44
-81.0663 -89.9787 114.307 166.535 -80.4946 -88.9128 112.04 165.441
114.119 -23.686 377.467 395.051 95.9569 -31.776 359.907 374.71
153.625 -51.2794 -483.842 510.228 129.446 -20.0216 -462.08 480.647
-8.66277 -116.553 -316.326 337.226 -17.0982 -134.85 -403.215 428.352
-99.9468 -28.5872 -44.7701 113.186 -95.148 -27.817 -43.0641 109.612
-283.173 -101.966 12.7121 301.241 -228.944 -43.3027 -41.635 244.066
-49.1584 -109.766 -28.9784 123.713 -42.7252 -109.64 -7.14911 126.263
-112.392 27.1172 1604.49 1608.65 -124.878 10.5665 1564.88 1570.54
-151.51 -33.7031 1276.54 1285.94 -158.18 -50.8122 1331.65 1342.55
22.9738 109.254 -202.595 231.32 18.4126 96.2107 -144.442 177.86
-6.04483 138.603 161.989 213.279 5.43557 88.6667 27.9644 93.3725
-119.318 54.2536 -107.694 169.642 -119.712 62.8281 -104.628 175.988
-110.049 -110.282 2726.9 2731.34 -104.705 -134.608 2404.55 2410.78
24.095 -99.7974 166.247 195.393 33.882 -83.7768 115.059 149.354
95.9271 -41.3477 481.095 492.305 131.868 -47.7923 938.415 950.03
186.316 88.0841 -749.945 777.747 203.471 119.898 -688.655 729.501
44.4026 -102.58 -103.655 152.442 41.4156 -103.933 -97.6622 150.31
111.931 4.474 -302.428 322.508 120.757 -9.42331 -328.747 351.172
62.0016 -101.676 744.663 754.125 71.6379 -105.766 744.63 757.026
-31.4689 -150.77 -684.88 701.984 -36.7565 -158.091 -644.289 665.762
93.5972 62.9939 513.055 525.314 95.1416 50.4334 489.09 501.597
-30.4358 165.683 -1378.97 1389.22 -3.83242 170.341 -1422.66 1433.76
23.4998 114.167 68.9306 135.417 38.1144 117.949 70.8957 148.861
-25.6689 150.755 31.2398 156.083 -23.6494 132.596 2.10531 146.574
-98.2827 19.7055 -73.1598 124.097 -83.1062 14.7413 -76.2884 116.051
77.3335 -87.5896 -6.42232 117.02 83.2658 -111.938 -37.0578 151.196
66.52 -94.4635 198.402 229.59 48.1082 -100.346 227.341 257.227
-99.6745 55.9557 -103.233 154.023 -96.3771 51.4988 -68.4543 132.808
-153.393 -15.292 2064.74 2070.48 -154.14 -95.1392 1960.2 1969
-203.072 101.261 182.241 291.039 -182.52 89.7214 185.477 281.247
141.047 -35.9404 -147.168 206.989 149.766 -62.1185 -143.292 222.029
98.6003 33.3156 -78.2932 130.237 115.918 33.4549 -70.4033 142.163
-175.543 -86.6715 546.97 580.951 -188.426 -101.865 504.181 549.245
6.3658 129.476 -409.604 429.628 7.92866 100.618 -364.586 379.291
114.315 9.97626 -433.383 448.317 113.65 16.1725 -404.507 421.306
-61.1046 83.8906 -500.354 511.004 -52.8779 76.3112 -433.843 443.869
-148.192 -26.1079 231.81 276.366 -149.494 -25.2721 234.54 282.698
139.193 87.5916 -117.94 202.378 152.692 43.5873 -58.6082 175.231
-32.7166 101.361 -946.369 952.344 -39.3128 97.2401 -937.057 943.265
131.888 45.1617 110.985 178.19 110.144 36.7706 75.9734 140.389
-67.9378 81.8933 -56.0448 120.263 -67.3532 80.63 -52.9483 118.251
-39.5772 -106.011 -140.201 180.169 -33.6524 -102.661 -179.925 211.686
206.64 78.5255 -188.787 290.701 198.855 64.7319 -192.4 295.695
-93.1093 -109.077 382.88 408.857 -99.3366 -117.475 412.73 442.726
-81.5332 -144.608 175.784 241.783 -108.686 -161.926 285.302 351.791
-187.122 -63.6649 9.75124 197.897 -182.867 -53.3892 6.97021 195.929
-39.4413 -157.409 131.332 208.761 -14.9576 -160.975 142.956 218.415
-153.221 -13.6271 -30.4732 156.815 -141.615 12.4696 -41.5604 149.736
89.1478 108.181 -34.7624 144.426 79.1106 86.7586 -18.6987 124.048
-41.0117 -209.836 -525.107 566.966 -51.6427 -238.273 -592.291 641.658
56.1115 -166.939 -1066.46 1080.91 57.1833 -163.548 -1070.49 1084.76
-182.607 -21.9441 2357.01 2364.18 -185.629 -36.9377 2400.84 2408.53
-53.8438 85.0427 -170.335 197.852 -45.3359 76.2756 -125.594 156.798
34.2355 -113.023 -398.936 416.048 35.4062 -107.403 -446.14 461.008
